0 179 115 85 390 642
-1 9.2 4.2 7.6 16.4 17.4
360.000000 0.001373 0.004173 0.001302 0.006497 0.009026
361.000000 0.001678 0.004209 0.001749 0.007298 0.009376
362.000000 0.001069 0.004244 0.000856 0.005696 0.008676
363.000000 0.001150 0.004248 0.001037 0.005822 0.009313
364.000000 0.001231 0.004251 0.001217 0.005949 0.009950
365.000000 0.001405 0.004462 0.000973 0.005740 0.010149
366.000000 0.001579 0.004674 0.000729 0.005531 0.010348
367.000000 0.001708 0.004009 0.001174 0.006224 0.010157
368.000000 0.001448 0.004041 0.001305 0.006227 0.010047
369.000000 0.001187 0.004073 0.001437 0.006230 0.009938
370.000000 0.001377 0.004126 0.001664 0.006372 0.010035
371.000000 0.001567 0.004179 0.001892 0.006514 0.010132
372.000000 0.001413 0.004199 0.001525 0.006234 0.009740
373.000000 0.001258 0.004219 0.001158 0.005954 0.009347
374.000000 0.001053 0.004173 0.001426 0.005740 0.009395
375.000000 0.000849 0.004126 0.001694 0.005526 0.009442
376.000000 0.001101 0.004081 0.001299 0.005474 0.009411
377.000000 0.001353 0.004036 0.000903 0.005422 0.009380
378.000000 0.001574 0.003910 0.000890 0.005446 0.009414
379.000000 0.001796 0.003785 0.000876 0.005471 0.009448
380.000000 0.001618 0.003857 0.001268 0.005437 0.009014
381.000000 0.001441 0.003929 0.001659 0.005404 0.008580
382.000000 0.001158 0.003934 0.001518 0.005665 0.008759
383.000000 0.001041 0.003771 0.001490 0.005454 0.008474
384.000000 0.000924 0.003609 0.001462 0.005244 0.008190
385.000000 0.000871 0.003667 0.001294 0.005380 0.008692
386.000000 0.000819 0.003725 0.001127 0.005516 0.009193
387.000000 0.000903 0.003854 0.001185 0.005389 0.009416
388.000000 0.000987 0.003982 0.001244 0.005262 0.008971
389.000000 0.001167 0.004166 0.001016 0.005107 0.009411
390.000000 0.001348 0.004350 0.000788 0.004953 0.009852
391.000000 0.001512 0.004356 0.001080 0.005155 0.009924
392.000000 0.001675 0.004363 0.001373 0.005356 0.009780
393.000000 0.001463 0.004493 0.001766 0.005604 0.009868
394.000000 0.001250 0.004624 0.002159 0.005853 0.009956
395.000000 0.001219 0.004509 0.001245 0.006062 0.010059
396.000000 0.001115 0.004400 0.001122 0.005623 0.010141
397.000000 0.001012 0.004291 0.000999 0.005184 0.009977
398.000000 0.001288 0.004412 0.001142 0.005265 0.010476
399.000000 0.001565 0.004532 0.001285 0.005345 0.010975
400.000000 0.001624 0.004949 0.001341 0.005395 0.012073
401.000000 0.001684 0.005366 0.001396 0.005445 0.013171
402.000000 0.001522 0.005568 0.001330 0.005466 0.014259
403.000000 0.001361 0.005163 0.001265 0.005424 0.015346
404.000000 0.001521 0.005306 0.001455 0.005505 0.017881
405.000000 0.001681 0.005449 0.001646 0.005586 0.020416
406.000000 0.001478 0.005555 0.001880 0.005857 0.024091
407.000000 0.001274 0.005344 0.002113 0.006127 0.027766
408.000000 0.001067 0.006010 0.001560 0.005851 0.039200
409.000000 0.001160 0.006210 0.001401 0.005578 0.047246
410.000000 0.001254 0.005810 0.001242 0.005305 0.055292
411.000000 0.001402 0.006143 0.001401 0.005385 0.068686
412.000000 0.001551 0.006475 0.001559 0.005466 0.082081
413.000000 0.001695 0.006696 0.001402 0.005322 0.097684
414.000000 0.001839 0.006916 0.001245 0.005178 0.113286
415.000000 0.001736 0.007007 0.001615 0.005470 0.137139
416.000000 0.001633 0.006826 0.001984 0.005762 0.160993
417.000000 0.001396 0.007096 0.002097 0.005837 0.187621
418.000000 0.001159 0.007367 0.002210 0.005686 0.214250
419.000000 0.001311 0.007098 0.002230 0.005874 0.248828
420.000000 0.001462 0.006829 0.002249 0.006062 0.283406
421.000000 0.001334 0.006996 0.002148 0.005928 0.324447
422.000000 0.001205 0.007163 0.002047 0.005794 0.365488
423.000000 0.001394 0.006731 0.001784 0.005749 0.443778
424.000000 0.001473 0.006944 0.001994 0.005418 0.483125
425.000000 0.001552 0.007157 0.002204 0.005087 0.522473
426.000000 0.001472 0.007299 0.002370 0.005321 0.575925
427.000000 0.001393 0.007440 0.002537 0.005555 0.629377
428.000000 0.001423 0.007286 0.003059 0.006043 0.671502
429.000000 0.001454 0.007132 0.003581 0.006531 0.713627
430.000000 0.001460 0.007033 0.003884 0.006681 0.756677
431.000000 0.001449 0.006933 0.004188 0.006832 0.799726
432.000000 0.001284 0.006875 0.004437 0.006895 0.838467
433.000000 0.001120 0.006816 0.004687 0.006958 0.877209
434.000000 0.001315 0.007140 0.006113 0.006210 0.918433
435.000000 0.001412 0.007583 0.006934 0.006598 0.934305
436.000000 0.001508 0.008026 0.007755 0.006985 0.950177
437.000000 0.001534 0.008257 0.009335 0.007146 0.957994
438.000000 0.001560 0.008488 0.010915 0.007307 0.965810
439.000000 0.001463 0.008507 0.012678 0.007645 0.960739
440.000000 0.001366 0.008468 0.014441 0.007982 0.955668
441.000000 0.001390 0.008134 0.016867 0.008060 0.932102
442.000000 0.001415 0.007800 0.019292 0.008138 0.908535
443.000000 0.001317 0.008157 0.022381 0.008203 0.875425
444.000000 0.001219 0.008513 0.025469 0.008268 0.842314
445.000000 0.001212 0.008727 0.029753 0.008231 0.789001
446.000000 0.001204 0.008299 0.034037 0.008193 0.735688
447.000000 0.001682 0.008845 0.044480 0.007982 0.626698
448.000000 0.001730 0.009333 0.052060 0.007895 0.573245
449.000000 0.001633 0.009820 0.059640 0.007809 0.519793
450.000000 0.001479 0.009843 0.069407 0.008015 0.469220
451.000000 0.001325 0.009866 0.079175 0.008222 0.418647
452.000000 0.001405 0.009646 0.091221 0.008355 0.371255
453.000000 0.001485 0.009425 0.103266 0.008488 0.323862
454.000000 0.001301 0.009631 0.120103 0.008380 0.290020
455.000000 0.001117 0.009836 0.136940 0.008272 0.256178
456.000000 0.001183 0.010142 0.156919 0.008018 0.227094
457.000000 0.001250 0.010447 0.176897 0.007764 0.198009
458.000000 0.001523 0.011316 0.231510 0.007504 0.158949
459.000000 0.001574 0.011735 0.265241 0.007246 0.144252
460.000000 0.001625 0.012153 0.298972 0.006989 0.129555
461.000000 0.001594 0.012365 0.342158 0.007128 0.119136
462.000000 0.001564 0.012577 0.385344 0.007267 0.108717
463.000000 0.001570 0.012686 0.431895 0.007184 0.100019
464.000000 0.001577 0.012795 0.478447 0.007102 0.091320
465.000000 0.001494 0.013551 0.537170 0.007371 0.085499
466.000000 0.001411 0.014307 0.595894 0.007640 0.079678
467.000000 0.001356 0.014606 0.651651 0.007278 0.074760
468.000000 0.001301 0.014906 0.707408 0.006916 0.069842
469.000000 0.001108 0.017889 0.812677 0.006780 0.062862
470.000000 0.001213 0.018886 0.852470 0.006424 0.059664
471.000000 0.001319 0.019883 0.892264 0.006068 0.056465
472.000000 0.001418 0.021420 0.931470 0.006241 0.055031
473.000000 0.001516 0.022957 0.970676 0.006413 0.053597
474.000000 0.001435 0.024672 0.984510 0.006284 0.052239
475.000000 0.001354 0.026387 0.998344 0.006155 0.050882
476.000000 0.001378 0.028666 1.000000 0.006491 0.050216
477.000000 0.001402 0.030944 0.996689 0.006827 0.049551
478.000000 0.001278 0.033815 0.978394 0.006486 0.049489
479.000000 0.001154 0.036685 0.960099 0.006145 0.049427
480.000000 0.001199 0.043023 0.881110 0.006124 0.049725
481.000000 0.001252 0.047240 0.836420 0.006126 0.050486
482.000000 0.001306 0.051458 0.791731 0.006129 0.051247
483.000000 0.001332 0.056648 0.746293 0.006047 0.052796
484.000000 0.001358 0.061837 0.700854 0.005965 0.054345
485.000000 0.001434 0.068266 0.656420 0.006032 0.056713
486.000000 0.001509 0.074694 0.611986 0.006098 0.059080
487.000000 0.001396 0.081985 0.569510 0.006227 0.062016
488.000000 0.001283 0.089276 0.527034 0.006355 0.064952
489.000000 0.001261 0.098634 0.490615 0.006362 0.069088
490.000000 0.001239 0.107993 0.454196 0.006368 0.073223
491.000000 0.001254 0.129662 0.385475 0.006359 0.084044
492.000000 0.001283 0.143631 0.359028 0.006139 0.090996
493.000000 0.001313 0.157601 0.332581 0.005918 0.097948
494.000000 0.001438 0.173375 0.307938 0.005920 0.106100
495.000000 0.001562 0.189150 0.283296 0.005922 0.114251
496.000000 0.001478 0.208240 0.263095 0.006207 0.124472
497.000000 0.001394 0.227329 0.242894 0.006492 0.134693
498.000000 0.001293 0.247797 0.223478 0.006635 0.145314
499.000000 0.001193 0.268266 0.204063 0.006348 0.155935
500.000000 0.001241 0.320564 0.173386 0.007065 0.182382
501.000000 0.001290 0.349556 0.159809 0.007478 0.196925
502.000000 0.001340 0.378547 0.146232 0.006653 0.211469
503.000000 0.001313 0.411841 0.134973 0.006602 0.228406
504.000000 0.001287 0.445135 0.123714 0.006551 0.245343
505.000000 0.001432 0.478586 0.113358 0.006728 0.261776
506.000000 0.001578 0.512038 0.103002 0.006906 0.278209
507.000000 0.001623 0.552869 0.095694 0.007148 0.298780
508.000000 0.001669 0.593701 0.088385 0.007391 0.319351
509.000000 0.001538 0.666446 0.074215 0.007937 0.355763
510.000000 0.001535 0.705545 0.069189 0.008465 0.376351
511.000000 0.001531 0.744644 0.064162 0.008993 0.396939
512.000000 0.001571 0.776940 0.058971 0.009276 0.415420
513.000000 0.001610 0.809237 0.053779 0.009560 0.433900
514.000000 0.001524 0.845325 0.050122 0.009894 0.456407
515.000000 0.001438 0.881414 0.046465 0.010229 0.478914
516.000000 0.001559 0.907118 0.042867 0.010819 0.498476
517.000000 0.001680 0.932822 0.039269 0.011410 0.518038
518.000000 0.001747 0.969429 0.033544 0.012839 0.556104
519.000000 0.001668 0.977057 0.031164 0.013825 0.572956
520.000000 0.001589 0.984686 0.028785 0.014811 0.589808
521.000000 0.001528 0.992343 0.027015 0.015998 0.611493
522.000000 0.001466 1.000000 0.025246 0.017184 0.633178
523.000000 0.001444 0.992571 0.023326 0.018694 0.649759
524.000000 0.001421 0.985143 0.021406 0.020204 0.666341
525.000000 0.001551 0.972746 0.019936 0.021881 0.684104
526.000000 0.001680 0.960349 0.018466 0.023558 0.701867
527.000000 0.001550 0.913146 0.015604 0.027233 0.728548
528.000000 0.001669 0.889762 0.014717 0.029784 0.745134
529.000000 0.001788 0.866379 0.013830 0.032334 0.761720
530.000000 0.001704 0.839261 0.013045 0.035539 0.777104
531.000000 0.001621 0.812144 0.012260 0.038743 0.792489
532.000000 0.001649 0.780647 0.011630 0.042440 0.804772
533.000000 0.001676 0.749149 0.010999 0.046136 0.817056
534.000000 0.001711 0.719570 0.010398 0.050559 0.830513
535.000000 0.001746 0.689991 0.009797 0.054981 0.843970
536.000000 0.001689 0.624345 0.008653 0.065086 0.859086
537.000000 0.001749 0.596579 0.008111 0.071114 0.870523
538.000000 0.001810 0.568813 0.007568 0.077142 0.881959
539.000000 0.001836 0.540260 0.006998 0.083772 0.887864
540.000000 0.001862 0.511707 0.006428 0.090401 0.893768
541.000000 0.001959 0.489092 0.006238 0.098990 0.905304
542.000000 0.002057 0.466476 0.006049 0.107580 0.916840
543.000000 0.001840 0.418483 0.005857 0.126047 0.925753
544.000000 0.001906 0.398183 0.005596 0.136888 0.933812
545.000000 0.001971 0.377883 0.005336 0.147730 0.941871
546.000000 0.001899 0.357994 0.005271 0.159309 0.944359
547.000000 0.001827 0.338105 0.005206 0.170888 0.946848
548.000000 0.001767 0.322124 0.004928 0.184672 0.955438
549.000000 0.001708 0.306143 0.004651 0.198456 0.964028
550.000000 0.002003 0.290122 0.004467 0.212715 0.967633
551.000000 0.002298 0.274100 0.004284 0.226975 0.971238
552.000000 0.002182 0.245034 0.004035 0.258327 0.976115
553.000000 0.002038 0.231060 0.003917 0.274857 0.976505
554.000000 0.001894 0.217086 0.003799 0.291387 0.976896
555.000000 0.001979 0.206184 0.003990 0.311049 0.982785
556.000000 0.002063 0.195281 0.004180 0.330712 0.988674
557.000000 0.002065 0.184831 0.004047 0.350160 0.991613
558.000000 0.002060 0.174382 0.003914 0.369607 0.994552
559.000000 0.002207 0.155388 0.003510 0.407706 0.991464
560.000000 0.002306 0.147024 0.003119 0.428196 0.992321
561.000000 0.002406 0.138659 0.002728 0.448687 0.993178
562.000000 0.002484 0.131944 0.002674 0.470485 0.995052
563.000000 0.002561 0.125229 0.002619 0.492284 0.996927
564.000000 0.002724 0.118797 0.002806 0.514516 0.998464
565.000000 0.002887 0.112366 0.002993 0.536748 1.000000
566.000000 0.002983 0.100855 0.003160 0.577247 0.993905
567.000000 0.003015 0.096070 0.003044 0.599259 0.994689
568.000000 0.003048 0.091286 0.002928 0.621271 0.995472
569.000000 0.003079 0.086574 0.002876 0.642022 0.994479
570.000000 0.003016 0.081863 0.002824 0.662772 0.993485
571.000000 0.003325 0.078199 0.002759 0.683681 0.993819
572.000000 0.003634 0.074535 0.002695 0.704590 0.994152
573.000000 0.004292 0.067729 0.002529 0.740374 0.987568
574.000000 0.004497 0.064656 0.002692 0.759795 0.987126
575.000000 0.004702 0.061583 0.002856 0.779215 0.986683
576.000000 0.005052 0.058654 0.002897 0.795070 0.982509
577.000000 0.005402 0.055724 0.002815 0.810924 0.978334
578.000000 0.005658 0.053669 0.002992 0.829211 0.978482
579.000000 0.005915 0.051614 0.003170 0.847497 0.978629
580.000000 0.006870 0.046925 0.002988 0.873219 0.969795
581.000000 0.007483 0.045173 0.002882 0.887525 0.968736
582.000000 0.008095 0.043422 0.002775 0.901831 0.967677
583.000000 0.009049 0.041866 0.002687 0.913025 0.964108
584.000000 0.010002 0.040310 0.002598 0.924219 0.960538
585.000000 0.011514 0.037466 0.002106 0.943111 0.952819
586.000000 0.012508 0.036092 0.002267 0.950277 0.947412
587.000000 0.013503 0.034717 0.002427 0.957444 0.942006
588.000000 0.014666 0.033434 0.002609 0.966707 0.940009
589.000000 0.015829 0.032150 0.002790 0.975971 0.938013
590.000000 0.017505 0.031021 0.002824 0.980786 0.933468
591.000000 0.019181 0.029891 0.002858 0.985601 0.928923
592.000000 0.022993 0.028143 0.002584 0.992474 0.919660
593.000000 0.025285 0.027449 0.002426 0.994527 0.914539
594.000000 0.027577 0.026755 0.002269 0.996580 0.909418
595.000000 0.030352 0.026106 0.002183 0.998108 0.905206
596.000000 0.033127 0.025457 0.002097 0.999636 0.900995
597.000000 0.036320 0.025076 0.002280 0.999818 0.896283
598.000000 0.039514 0.024695 0.002463 1.000000 0.891570
599.000000 0.047416 0.023610 0.002486 0.993550 0.878298
600.000000 0.052200 0.023151 0.002494 0.991449 0.872658
601.000000 0.056984 0.022691 0.002502 0.989348 0.867019
602.000000 0.062628 0.022229 0.002547 0.984881 0.861492
603.000000 0.068272 0.021768 0.002592 0.980413 0.855965
604.000000 0.082402 0.021578 0.002120 0.968087 0.842312
605.000000 0.091006 0.020970 0.002022 0.962625 0.836577
606.000000 0.099610 0.020362 0.001924 0.957163 0.830841
607.000000 0.109999 0.020227 0.002200 0.951085 0.825325
608.000000 0.120388 0.020093 0.002476 0.945007 0.819809
609.000000 0.145196 0.019261 0.002751 0.928993 0.805681
610.000000 0.160023 0.018938 0.002884 0.921547 0.799161
611.000000 0.174850 0.018614 0.002617 0.914101 0.792641
612.000000 0.192767 0.018177 0.002314 0.903823 0.785195
613.000000 0.210684 0.017741 0.002010 0.893545 0.777750
614.000000 0.232376 0.017628 0.002017 0.885062 0.771508
615.000000 0.254068 0.017514 0.002023 0.876579 0.765267
616.000000 0.304539 0.017123 0.001762 0.854559 0.749982
617.000000 0.334933 0.017150 0.001922 0.844855 0.743504
618.000000 0.365327 0.017176 0.002083 0.835150 0.737026
619.000000 0.399803 0.016900 0.002284 0.824754 0.729797
620.000000 0.434278 0.016624 0.002485 0.814358 0.722569
621.000000 0.513345 0.016691 0.002531 0.792891 0.708578
622.000000 0.557616 0.016316 0.002255 0.781486 0.701209
623.000000 0.601888 0.015941 0.001979 0.770080 0.693840
624.000000 0.651430 0.015533 0.002263 0.760177 0.687549
625.000000 0.700972 0.015124 0.002547 0.750273 0.681258
626.000000 0.798179 0.014892 0.001992 0.725959 0.665396
627.000000 0.844549 0.015087 0.001904 0.714702 0.658636
628.000000 0.890918 0.015283 0.001815 0.703444 0.651876
629.000000 0.925879 0.015356 0.001861 0.692620 0.644698
630.000000 0.960839 0.015210 0.001907 0.681796 0.637520
631.000000 0.999367 0.014869 0.001469 0.659814 0.623590
632.000000 1.000000 0.014916 0.001973 0.649218 0.616811
633.000000 0.998734 0.014963 0.002476 0.638623 0.610033
634.000000 0.977657 0.014694 0.002186 0.627814 0.603124
635.000000 0.956580 0.014424 0.001896 0.617005 0.596215
636.000000 0.874842 0.015046 0.001700 0.594779 0.581700
637.000000 0.821334 0.015477 0.001584 0.584377 0.575913
638.000000 0.767826 0.014615 0.001469 0.573975 0.570127
639.000000 0.706196 0.014642 0.001792 0.564239 0.563628
640.000000 0.644566 0.014669 0.002115 0.554502 0.557129
641.000000 0.518907 0.014607 0.002128 0.533845 0.542813
642.000000 0.461989 0.014082 0.002306 0.524229 0.536438
643.000000 0.405071 0.013556 0.002484 0.514614 0.530063
644.000000 0.357269 0.013720 0.002316 0.504737 0.523478
645.000000 0.309468 0.013883 0.002149 0.494861 0.516894
646.000000 0.233018 0.014008 0.001445 0.475154 0.503829
647.000000 0.204002 0.014157 0.001367 0.465850 0.497951
648.000000 0.174987 0.014307 0.001288 0.456545 0.492073
649.000000 0.153128 0.014195 0.001162 0.447330 0.485636
650.000000 0.131268 0.014084 0.001035 0.438116 0.479200
651.000000 0.098560 0.013912 0.001657 0.419792 0.466427
652.000000 0.086528 0.013728 0.001921 0.411481 0.459947
653.000000 0.074497 0.013544 0.002185 0.403169 0.453467
654.000000 0.065530 0.013393 0.002435 0.394611 0.447265
655.000000 0.056562 0.013242 0.001935 0.386054 0.441063
656.000000 0.043039 0.013760 0.001282 0.370106 0.429004
657.000000 0.038462 0.013904 0.001325 0.361942 0.423271
658.000000 0.033886 0.013617 0.001367 0.353777 0.417538
659.000000 0.026820 0.014530 0.001471 0.338138 0.405807
660.000000 0.023951 0.014541 0.001782 0.330778 0.400584
661.000000 0.021082 0.014519 0.002093 0.323418 0.395362
662.000000 0.018890 0.014243 0.002095 0.316468 0.389567
663.000000 0.016698 0.013968 0.002097 0.309518 0.383772
664.000000 0.013545 0.013593 0.001571 0.296530 0.372034
665.000000 0.012200 0.013601 0.001729 0.289736 0.366869
666.000000 0.010855 0.013608 0.001887 0.282941 0.361704
667.000000 0.009968 0.013807 0.001715 0.276515 0.356771
668.000000 0.009081 0.014006 0.001542 0.270089 0.351838
669.000000 0.007721 0.014058 0.001309 0.257343 0.341011
670.000000 0.007148 0.014515 0.001232 0.251413 0.336100
671.000000 0.006576 0.014973 0.001154 0.245483 0.331190
672.000000 0.005802 0.014515 0.001922 0.234947 0.320695
673.000000 0.005356 0.014251 0.002541 0.230524 0.316191
674.000000 0.004910 0.013986 0.003161 0.226102 0.311686
675.000000 0.004594 0.013959 0.002511 0.220189 0.306979
676.000000 0.004279 0.013932 0.001862 0.214276 0.302273
677.000000 0.003729 0.014400 0.001617 0.204836 0.293743
678.000000 0.003762 0.014830 0.001481 0.199392 0.289036
679.000000 0.003796 0.013970 0.001345 0.193948 0.284329
680.000000 0.003278 0.014159 0.001147 0.185481 0.275877
681.000000 0.003307 0.014351 0.001424 0.181239 0.271699
682.000000 0.003336 0.014542 0.001701 0.176997 0.267522
683.000000 0.003129 0.014075 0.001817 0.173012 0.263473
684.000000 0.002922 0.013608 0.001932 0.169028 0.259424
685.000000 0.002623 0.012938 0.001536 0.160717 0.250524
686.000000 0.002506 0.012891 0.001540 0.157315 0.246760
687.000000 0.002389 0.012844 0.001544 0.153913 0.242997
688.000000 0.002822 0.013681 0.001415 0.146524 0.235537
689.000000 0.002989 0.013846 0.001078 0.142843 0.232222
690.000000 0.002655 0.014012 0.000741 0.139161 0.228907
691.000000 0.002631 0.013885 0.000880 0.136054 0.225180
692.000000 0.002607 0.013758 0.001019 0.132946 0.221454
693.000000 0.002751 0.014279 0.001973 0.127900 0.214807
694.000000 0.002570 0.014002 0.002185 0.124779 0.211138
695.000000 0.002388 0.013724 0.001762 0.121657 0.207468
696.000000 0.002445 0.013166 0.001590 0.116709 0.202378
697.000000 0.002339 0.013722 0.001295 0.113633 0.198647
698.000000 0.002234 0.014278 0.001001 0.110558 0.194916
699.000000 0.002337 0.014663 0.001082 0.107865 0.191983
700.000000 0.002440 0.015047 0.001163 0.105173 0.189051
701.000000 0.002726 0.014369 0.001724 0.101123 0.183369
702.000000 0.002987 0.014520 0.002232 0.098405 0.179860
703.000000 0.002464 0.014671 0.001216 0.095686 0.176351
704.000000 0.002483 0.014698 0.002252 0.092672 0.171411
705.000000 0.002454 0.014385 0.002259 0.090555 0.168586
706.000000 0.002426 0.014071 0.002267 0.088438 0.165761
707.000000 0.002018 0.014395 0.001657 0.084384 0.160256
708.000000 0.002479 0.014823 0.001655 0.082474 0.158187
709.000000 0.002940 0.015250 0.001653 0.080563 0.156118
710.000000 0.003073 0.015708 0.000962 0.075996 0.150956
711.000000 0.003127 0.015115 0.001032 0.075037 0.148772
712.000000 0.003018 0.014523 0.001103 0.074078 0.146587
713.000000 0.002695 0.014711 0.002014 0.072548 0.143799
714.000000 0.002372 0.014900 0.002924 0.071018 0.141011
715.000000 0.002245 0.013278 0.001709 0.067463 0.136552
716.000000 0.002361 0.013244 0.001556 0.065910 0.133800
717.000000 0.002477 0.013209 0.001402 0.064358 0.131049
718.000000 0.002096 0.014155 0.000759 0.060802 0.128269
719.000000 0.002558 0.014382 0.000855 0.059632 0.126522
720.000000 0.003021 0.014608 0.000952 0.058462 0.124775
721.000000 0.002392 0.014062 0.001094 0.056183 0.120479
722.000000 0.002194 0.013934 0.001670 0.055270 0.118141
723.000000 0.001996 0.013805 0.002246 0.054358 0.115802
724.000000 0.002523 0.014198 0.002053 0.053313 0.113449
725.000000 0.002789 0.014391 0.001523 0.051645 0.111354
726.000000 0.002256 0.014584 0.000992 0.049976 0.109258
727.000000 0.002667 0.014125 0.000280 0.048513 0.106524
728.000000 0.002863 0.014626 0.000580 0.047271 0.105138
729.000000 0.003059 0.015126 0.000880 0.046029 0.103753
730.000000 0.003177 0.015130 0.001250 0.045677 0.102008
731.000000 0.002942 0.015122 0.001619 0.045324 0.100263
732.000000 0.002456 0.014500 0.000696 0.043698 0.097562
733.000000 0.002802 0.014071 0.001368 0.042825 0.095930
734.000000 0.003147 0.013641 0.002040 0.041951 0.094298
735.000000 0.002387 0.014682 0.000745 0.040976 0.091794
736.000000 0.002438 0.015363 0.000511 0.039870 0.090167
737.000000 0.002489 0.014001 0.000277 0.038764 0.088539
738.000000 0.003371 0.015120 0.000918 0.038137 0.087434
739.000000 0.003538 0.015675 0.000960 0.038192 0.086575
740.000000 0.003704 0.016231 0.000875 0.038246 0.085716
741.000000 0.004327 0.016066 0.001284 0.037400 0.084507
742.000000 0.004827 0.016140 0.001325 0.037176 0.082996
743.000000 0.003827 0.016214 0.001367 0.036952 0.081484
744.000000 0.004052 0.014994 0.002122 0.037114 0.081188
745.000000 0.003903 0.015032 0.001689 0.036520 0.080019
746.000000 0.003754 0.015071 0.001256 0.035926 0.078851
747.000000 0.004475 0.016197 0.000976 0.035364 0.078730
748.000000 0.004808 0.016556 0.000728 0.034119 0.077545
749.000000 0.004143 0.016915 0.000480 0.032875 0.076359
750.000000 0.004363 0.016721 0.001620 0.032380 0.074073
751.000000 0.004530 0.016948 0.001634 0.032281 0.073050
752.000000 0.004197 0.017175 0.001648 0.032181 0.072028
753.000000 0.003712 0.015695 0.002092 0.032173 0.069591
754.000000 0.003635 0.015762 0.001490 0.030822 0.067919
755.000000 0.003558 0.015828 0.000887 0.029471 0.066247
756.000000 0.003134 0.014770 0.000792 0.027996 0.064334
757.000000 0.003369 0.014078 0.000396 0.026965 0.063409
758.000000 0.003605 0.013385 0.000326 0.025934 0.062484
759.000000 0.003349 0.015027 0.000652 0.027537 0.062476
760.000000 0.000000 0.000000 0.000000 0.000000 0.000000
