390.0000 0.0030 0.0004 0.0132
391.0000 0.0036 0.0005 0.0160
392.0000 0.0043 0.0006 0.0194
393.0000 0.0052 0.0007 0.0234
394.0000 0.0063 0.0009 0.0284
395.0000 0.0076 0.0011 0.0342
396.0000 0.0092 0.0013 0.0413
397.0000 0.0110 0.0016 0.0497
398.0000 0.0132 0.0019 0.0596
399.0000 0.0158 0.0022 0.0713
400.0000 0.0188 0.0026 0.0851
401.0000 0.0223 0.0030 0.1011
402.0000 0.0263 0.0035 0.1196
403.0000 0.0309 0.0041 0.1409
404.0000 0.0361 0.0048 0.1652
405.0000 0.0420 0.0055 0.1927
406.0000 0.0487 0.0063 0.2237
407.0000 0.0561 0.0072 0.2582
408.0000 0.0643 0.0082 0.2964
409.0000 0.0732 0.0093 0.3381
410.0000 0.0828 0.0104 0.3833
411.0000 0.0930 0.0116 0.4317
412.0000 0.1037 0.0129 0.4832
413.0000 0.1151 0.0142 0.5379
414.0000 0.1270 0.0156 0.5958
415.0000 0.1395 0.0171 0.6568
416.0000 0.1527 0.0187 0.7210
417.0000 0.1663 0.0204 0.7879
418.0000 0.1802 0.0221 0.8563
419.0000 0.1941 0.0239 0.9253
420.0000 0.2078 0.0258 0.9933
421.0000 0.2208 0.0276 1.0592
422.0000 0.2332 0.0295 1.1228
423.0000 0.2452 0.0313 1.1849
424.0000 0.2570 0.0333 1.2465
425.0000 0.2689 0.0353 1.3087
426.0000 0.2811 0.0374 1.3726
427.0000 0.2934 0.0397 1.4377
428.0000 0.3056 0.0420 1.5024
429.0000 0.3173 0.0445 1.5655
430.0000 0.3282 0.0470 1.6249
431.0000 0.3379 0.0496 1.6795
432.0000 0.3465 0.0522 1.7297
433.0000 0.3544 0.0549 1.7768
434.0000 0.3619 0.0577 1.8222
435.0000 0.3693 0.0605 1.8678
436.0000 0.3770 0.0633 1.9145
437.0000 0.3847 0.0662 1.9611
438.0000 0.3919 0.0691 2.0051
439.0000 0.3980 0.0719 2.0443
440.0000 0.4026 0.0747 2.0759
441.0000 0.4053 0.0774 2.0982
442.0000 0.4062 0.0800 2.1126
443.0000 0.4061 0.0827 2.1214
444.0000 0.4052 0.0854 2.1272
445.0000 0.4043 0.0882 2.1326
446.0000 0.4035 0.0912 2.1391
447.0000 0.4025 0.0943 2.1448
448.0000 0.4009 0.0975 2.1468
449.0000 0.3979 0.1007 2.1423
450.0000 0.3932 0.1039 2.1283
451.0000 0.3864 0.1070 2.1032
452.0000 0.3780 0.1100 2.0694
453.0000 0.3684 0.1130 2.0300
454.0000 0.3583 0.1162 1.9882
455.0000 0.3482 0.1195 1.9467
456.0000 0.3384 0.1233 1.9075
457.0000 0.3288 0.1273 1.8707
458.0000 0.3195 0.1317 1.8356
459.0000 0.3103 0.1364 1.8017
460.0000 0.3013 0.1415 1.7684
461.0000 0.2924 0.1468 1.7353
462.0000 0.2833 0.1524 1.7013
463.0000 0.2739 0.1582 1.6651
464.0000 0.2640 0.1641 1.6257
465.0000 0.2534 0.1701 1.5823
466.0000 0.2420 0.1761 1.5344
467.0000 0.2299 0.1821 1.4825
468.0000 0.2174 0.1880 1.4274
469.0000 0.2045 0.1940 1.3699
470.0000 0.1914 0.2000 1.3106
471.0000 0.1784 0.2060 1.2502
472.0000 0.1654 0.2121 1.1895
473.0000 0.1527 0.2183 1.1291
474.0000 0.1403 0.2247 1.0694
475.0000 0.1283 0.2312 1.0110
476.0000 0.1167 0.2381 0.9542
477.0000 0.1056 0.2452 0.8995
478.0000 0.0951 0.2526 0.8474
479.0000 0.0852 0.2602 0.7980
480.0000 0.0759 0.2682 0.7516
481.0000 0.0673 0.2765 0.7083
482.0000 0.0593 0.2850 0.6674
483.0000 0.0518 0.2936 0.6285
484.0000 0.0449 0.3023 0.5911
485.0000 0.0384 0.3109 0.5550
486.0000 0.0324 0.3194 0.5199
487.0000 0.0269 0.3279 0.4863
488.0000 0.0220 0.3365 0.4545
489.0000 0.0177 0.3456 0.4250
490.0000 0.0140 0.3554 0.3978
491.0000 0.0108 0.3661 0.3730
492.0000 0.0082 0.3776 0.3503
493.0000 0.0060 0.3897 0.3291
494.0000 0.0045 0.4022 0.3093
495.0000 0.0034 0.4148 0.2906
496.0000 0.0030 0.4274 0.2727
497.0000 0.0031 0.4398 0.2555
498.0000 0.0036 0.4523 0.2390
499.0000 0.0045 0.4650 0.2231
500.0000 0.0057 0.4780 0.2078
501.0000 0.0070 0.4915 0.1930
502.0000 0.0087 0.5054 0.1788
503.0000 0.0106 0.5197 0.1651
504.0000 0.0129 0.5343 0.1520
505.0000 0.0156 0.5491 0.1395
506.0000 0.0188 0.5641 0.1275
507.0000 0.0226 0.5792 0.1164
508.0000 0.0269 0.5944 0.1061
509.0000 0.0320 0.6096 0.0968
510.0000 0.0378 0.6248 0.0885
511.0000 0.0443 0.6400 0.0812
512.0000 0.0515 0.6551 0.0746
513.0000 0.0591 0.6703 0.0687
514.0000 0.0671 0.6856 0.0633
515.0000 0.0754 0.7012 0.0582
516.0000 0.0838 0.7171 0.0535
517.0000 0.0923 0.7331 0.0491
518.0000 0.1012 0.7489 0.0451
519.0000 0.1104 0.7643 0.0413
520.0000 0.1202 0.7788 0.0378
521.0000 0.1304 0.7923 0.0347
522.0000 0.1411 0.8049 0.0318
523.0000 0.1523 0.8165 0.0291
524.0000 0.1638 0.8274 0.0266
525.0000 0.1757 0.8376 0.0243
526.0000 0.1878 0.8475 0.0222
527.0000 0.2002 0.8569 0.0203
528.0000 0.2127 0.8659 0.0185
529.0000 0.2253 0.8746 0.0169
530.0000 0.2380 0.8830 0.0154
531.0000 0.2508 0.8910 0.0141
532.0000 0.2637 0.8989 0.0128
533.0000 0.2769 0.9069 0.0117
534.0000 0.2905 0.9150 0.0107
535.0000 0.3047 0.9234 0.0098
536.0000 0.3196 0.9322 0.0089
537.0000 0.3352 0.9413 0.0081
538.0000 0.3513 0.9502 0.0074
539.0000 0.3677 0.9588 0.0067
540.0000 0.3842 0.9665 0.0061
541.0000 0.4005 0.9733 0.0055
542.0000 0.4167 0.9788 0.0050
543.0000 0.4325 0.9833 0.0046
544.0000 0.4481 0.9866 0.0041
545.0000 0.4633 0.9887 0.0038
546.0000 0.4781 0.9897 0.0034
547.0000 0.4927 0.9900 0.0031
548.0000 0.5073 0.9900 0.0028
549.0000 0.5221 0.9901 0.0026
550.0000 0.5374 0.9908 0.0023
551.0000 0.5534 0.9923 0.0021
552.0000 0.5701 0.9944 0.0019
553.0000 0.5874 0.9966 0.0017
554.0000 0.6051 0.9986 0.0016
555.0000 0.6231 0.9998 0.0014
556.0000 0.6411 0.9999 0.0013
557.0000 0.6591 0.9992 0.0012
558.0000 0.6769 0.9979 0.0011
559.0000 0.6947 0.9962 0.0010
560.0000 0.7124 0.9944 0.0009
561.0000 0.7300 0.9928 0.0008
562.0000 0.7476 0.9912 0.0007
563.0000 0.7654 0.9894 0.0007
564.0000 0.7834 0.9873 0.0006
565.0000 0.8016 0.9848 0.0005
566.0000 0.8201 0.9817 0.0005
567.0000 0.8387 0.9781 0.0004
568.0000 0.8572 0.9739 0.0004
569.0000 0.8755 0.9692 0.0004
570.0000 0.8933 0.9641 0.0003
571.0000 0.9107 0.9584 0.0003
572.0000 0.9274 0.9522 0.0003
573.0000 0.9433 0.9453 0.0003
574.0000 0.9582 0.9375 0.0002
575.0000 0.9721 0.9286 0.0002
576.0000 0.9849 0.9188 0.0002
577.0000 0.9970 0.9083 0.0002
578.0000 1.0089 0.8976 0.0002
579.0000 1.0212 0.8872 0.0001
580.0000 1.0343 0.8775 0.0001
581.0000 1.0488 0.8688 0.0001
582.0000 1.0639 0.8607 0.0001
583.0000 1.0792 0.8530 0.0001
584.0000 1.0937 0.8453 0.0001
585.0000 1.1069 0.8371 0.0001
586.0000 1.1181 0.8282 0.0001
587.0000 1.1275 0.8187 0.0001
588.0000 1.1353 0.8086 0.0001
589.0000 1.1418 0.7980 0.0001
590.0000 1.1473 0.7870 0.0001
591.0000 1.1519 0.7756 0.0000
592.0000 1.1556 0.7639 0.0000
593.0000 1.1583 0.7519 0.0000
594.0000 1.1599 0.7397 0.0000
595.0000 1.1605 0.7272 0.0000
596.0000 1.1599 0.7146 0.0000
597.0000 1.1583 0.7018 0.0000
598.0000 1.1557 0.6889 0.0000
599.0000 1.1523 0.6759 0.0000
600.0000 1.1482 0.6629 0.0000
601.0000 1.1433 0.6499 0.0000
602.0000 1.1377 0.6368 0.0000
603.0000 1.1310 0.6237 0.0000
604.0000 1.1231 0.6105 0.0000
605.0000 1.1138 0.5970 0.0000
606.0000 1.1032 0.5834 0.0000
607.0000 1.0911 0.5697 0.0000
608.0000 1.0779 0.5559 0.0000
609.0000 1.0636 0.5420 0.0000
610.0000 1.0485 0.5282 0.0000
611.0000 1.0325 0.5145 0.0000
612.0000 1.0159 0.5008 0.0000
613.0000 0.9985 0.4872 0.0000
614.0000 0.9804 0.4736 0.0000
615.0000 0.9617 0.4601 0.0000
616.0000 0.9424 0.4467 0.0000
617.0000 0.9227 0.4335 0.0000
618.0000 0.9028 0.4204 0.0000
619.0000 0.8828 0.4076 0.0000
620.0000 0.8630 0.3951 0.0000
621.0000 0.8433 0.3829 0.0000
622.0000 0.8235 0.3709 0.0000
623.0000 0.8032 0.3590 0.0000
624.0000 0.7823 0.3472 0.0000
625.0000 0.7603 0.3352 0.0000
626.0000 0.7374 0.3231 0.0000
627.0000 0.7136 0.3109 0.0000
628.0000 0.6895 0.2988 0.0000
629.0000 0.6654 0.2869 0.0000
630.0000 0.6414 0.2752 0.0000
631.0000 0.6179 0.2638 0.0000
632.0000 0.5948 0.2528 0.0000
633.0000 0.5724 0.2422 0.0000
634.0000 0.5504 0.2319 0.0000
635.0000 0.5291 0.2220 0.0000
636.0000 0.5084 0.2124 0.0000
637.0000 0.4883 0.2032 0.0000
638.0000 0.4689 0.1943 0.0000
639.0000 0.4502 0.1858 0.0000
640.0000 0.4323 0.1777 0.0000
641.0000 0.4151 0.1699 0.0000
642.0000 0.3984 0.1624 0.0000
643.0000 0.3820 0.1551 0.0000
644.0000 0.3658 0.1480 0.0000
645.0000 0.3496 0.1410 0.0000
646.0000 0.3335 0.1342 0.0000
647.0000 0.3175 0.1274 0.0000
648.0000 0.3017 0.1209 0.0000
649.0000 0.2864 0.1145 0.0000
650.0000 0.2715 0.1084 0.0000
651.0000 0.2572 0.1025 0.0000
652.0000 0.2434 0.0968 0.0000
653.0000 0.2302 0.0914 0.0000
654.0000 0.2177 0.0863 0.0000
655.0000 0.2057 0.0814 0.0000
656.0000 0.1942 0.0767 0.0000
657.0000 0.1834 0.0723 0.0000
658.0000 0.1730 0.0681 0.0000
659.0000 0.1632 0.0641 0.0000
660.0000 0.1538 0.0603 0.0000
661.0000 0.1449 0.0568 0.0000
662.0000 0.1365 0.0534 0.0000
663.0000 0.1284 0.0502 0.0000
664.0000 0.1208 0.0471 0.0000
665.0000 0.1136 0.0443 0.0000
666.0000 0.1068 0.0415 0.0000
667.0000 0.1003 0.0390 0.0000
668.0000 0.0941 0.0366 0.0000
669.0000 0.0883 0.0343 0.0000
670.0000 0.0828 0.0321 0.0000
671.0000 0.0776 0.0301 0.0000
672.0000 0.0727 0.0282 0.0000
673.0000 0.0681 0.0263 0.0000
674.0000 0.0637 0.0246 0.0000
675.0000 0.0595 0.0230 0.0000
676.0000 0.0556 0.0215 0.0000
677.0000 0.0520 0.0201 0.0000
678.0000 0.0485 0.0187 0.0000
679.0000 0.0453 0.0175 0.0000
680.0000 0.0422 0.0163 0.0000
681.0000 0.0393 0.0152 0.0000
682.0000 0.0367 0.0141 0.0000
683.0000 0.0341 0.0132 0.0000
684.0000 0.0317 0.0122 0.0000
685.0000 0.0295 0.0114 0.0000
686.0000 0.0274 0.0105 0.0000
687.0000 0.0254 0.0098 0.0000
688.0000 0.0235 0.0091 0.0000
689.0000 0.0218 0.0084 0.0000
690.0000 0.0203 0.0078 0.0000
691.0000 0.0188 0.0072 0.0000
692.0000 0.0175 0.0067 0.0000
693.0000 0.0163 0.0063 0.0000
694.0000 0.0152 0.0058 0.0000
695.0000 0.0141 0.0054 0.0000
696.0000 0.0131 0.0050 0.0000
697.0000 0.0122 0.0047 0.0000
698.0000 0.0114 0.0044 0.0000
699.0000 0.0106 0.0041 0.0000
700.0000 0.0098 0.0038 0.0000
701.0000 0.0091 0.0035 0.0000
702.0000 0.0085 0.0033 0.0000
703.0000 0.0079 0.0030 0.0000
704.0000 0.0073 0.0028 0.0000
705.0000 0.0068 0.0026 0.0000
706.0000 0.0063 0.0024 0.0000
707.0000 0.0059 0.0023 0.0000
708.0000 0.0054 0.0021 0.0000
709.0000 0.0050 0.0019 0.0000
710.0000 0.0047 0.0018 0.0000
711.0000 0.0043 0.0017 0.0000
712.0000 0.0040 0.0015 0.0000
713.0000 0.0037 0.0014 0.0000
714.0000 0.0034 0.0013 0.0000
715.0000 0.0032 0.0012 0.0000
716.0000 0.0030 0.0011 0.0000
717.0000 0.0028 0.0011 0.0000
718.0000 0.0026 0.0010 0.0000
719.0000 0.0024 0.0009 0.0000
720.0000 0.0022 0.0008 0.0000
721.0000 0.0020 0.0008 0.0000
722.0000 0.0019 0.0007 0.0000
723.0000 0.0018 0.0007 0.0000
724.0000 0.0016 0.0006 0.0000
725.0000 0.0015 0.0006 0.0000
726.0000 0.0014 0.0005 0.0000
727.0000 0.0013 0.0005 0.0000
728.0000 0.0012 0.0005 0.0000
729.0000 0.0011 0.0004 0.0000
730.0000 0.0011 0.0004 0.0000
731.0000 0.0010 0.0004 0.0000
732.0000 0.0009 0.0004 0.0000
733.0000 0.0009 0.0003 0.0000
734.0000 0.0008 0.0003 0.0000
735.0000 0.0007 0.0003 0.0000
736.0000 0.0007 0.0003 0.0000
737.0000 0.0006 0.0002 0.0000
738.0000 0.0006 0.0002 0.0000
739.0000 0.0006 0.0002 0.0000
740.0000 0.0005 0.0002 0.0000
741.0000 0.0005 0.0002 0.0000
742.0000 0.0004 0.0002 0.0000
743.0000 0.0004 0.0002 0.0000
744.0000 0.0004 0.0002 0.0000
745.0000 0.0004 0.0001 0.0000
746.0000 0.0003 0.0001 0.0000
747.0000 0.0003 0.0001 0.0000
748.0000 0.0003 0.0001 0.0000
749.0000 0.0003 0.0001 0.0000
750.0000 0.0003 0.0001 0.0000
751.0000 0.0002 0.0001 0.0000
752.0000 0.0002 0.0001 0.0000
753.0000 0.0002 0.0001 0.0000
754.0000 0.0002 0.0001 0.0000
755.0000 0.0002 0.0001 0.0000
756.0000 0.0002 0.0001 0.0000
757.0000 0.0002 0.0001 0.0000
758.0000 0.0001 0.0001 0.0000
759.0000 0.0001 0.0001 0.0000
760.0000 0.0001 0.0001 0.0000
761.0000 0.0001 0.0000 0.0000
762.0000 0.0001 0.0000 0.0000
763.0000 0.0001 0.0000 0.0000
764.0000 0.0001 0.0000 0.0000
765.0000 0.0001 0.0000 0.0000
766.0000 0.0001 0.0000 0.0000
767.0000 0.0001 0.0000 0.0000
768.0000 0.0001 0.0000 0.0000
769.0000 0.0001 0.0000 0.0000
770.0000 0.0001 0.0000 0.0000
771.0000 0.0001 0.0000 0.0000
772.0000 0.0001 0.0000 0.0000
773.0000 0.0001 0.0000 0.0000
774.0000 0.0001 0.0000 0.0000
775.0000 0.0000 0.0000 0.0000
776.0000 0.0000 0.0000 0.0000
777.0000 0.0000 0.0000 0.0000
778.0000 0.0000 0.0000 0.0000
779.0000 0.0000 0.0000 0.0000
780.0000 0.0000 0.0000 0.0000
781.0000 0.0000 0.0000 0.0000
782.0000 0.0000 0.0000 0.0000
783.0000 0.0000 0.0000 0.0000
784.0000 0.0000 0.0000 0.0000
785.0000 0.0000 0.0000 0.0000
786.0000 0.0000 0.0000 0.0000
787.0000 0.0000 0.0000 0.0000
788.0000 0.0000 0.0000 0.0000
789.0000 0.0000 0.0000 0.0000
790.0000 0.0000 0.0000 0.0000
791.0000 0.0000 0.0000 0.0000
792.0000 0.0000 0.0000 0.0000
793.0000 0.0000 0.0000 0.0000
794.0000 0.0000 0.0000 0.0000
795.0000 0.0000 0.0000 0.0000
796.0000 0.0000 0.0000 0.0000
797.0000 0.0000 0.0000 0.0000
798.0000 0.0000 0.0000 0.0000
799.0000 0.0000 0.0000 0.0000
800.0000 0.0000 0.0000 0.0000
801.0000 0.0000 0.0000 0.0000
802.0000 0.0000 0.0000 0.0000
803.0000 0.0000 0.0000 0.0000
804.0000 0.0000 0.0000 0.0000
805.0000 0.0000 0.0000 0.0000
806.0000 0.0000 0.0000 0.0000
807.0000 0.0000 0.0000 0.0000
808.0000 0.0000 0.0000 0.0000
809.0000 0.0000 0.0000 0.0000
810.0000 0.0000 0.0000 0.0000
811.0000 0.0000 0.0000 0.0000
812.0000 0.0000 0.0000 0.0000
813.0000 0.0000 0.0000 0.0000
814.0000 0.0000 0.0000 0.0000
815.0000 0.0000 0.0000 0.0000
816.0000 0.0000 0.0000 0.0000
817.0000 0.0000 0.0000 0.0000
818.0000 0.0000 0.0000 0.0000
819.0000 0.0000 0.0000 0.0000
820.0000 0.0000 0.0000 0.0000
821.0000 0.0000 0.0000 0.0000
822.0000 0.0000 0.0000 0.0000
823.0000 0.0000 0.0000 0.0000
824.0000 0.0000 0.0000 0.0000
825.0000 0.0000 0.0000 0.0000
826.0000 0.0000 0.0000 0.0000
827.0000 0.0000 0.0000 0.0000
828.0000 0.0000 0.0000 0.0000
829.0000 0.0000 0.0000 0.0000
830.0000 0.0000 0.0000 0.0000
