390.0000 0.0038 0.0004 0.0185
391.0000 0.0045 0.0005 0.0222
392.0000 0.0054 0.0006 0.0267
393.0000 0.0065 0.0007 0.0321
394.0000 0.0078 0.0009 0.0385
395.0000 0.0094 0.0011 0.0461
396.0000 0.0112 0.0013 0.0551
397.0000 0.0133 0.0015 0.0658
398.0000 0.0159 0.0018 0.0782
399.0000 0.0188 0.0021 0.0928
400.0000 0.0221 0.0025 0.1096
401.0000 0.0260 0.0029 0.1290
402.0000 0.0304 0.0033 0.1512
403.0000 0.0354 0.0038 0.1764
404.0000 0.0411 0.0044 0.2050
405.0000 0.0474 0.0050 0.2369
406.0000 0.0545 0.0057 0.2725
407.0000 0.0622 0.0064 0.3118
408.0000 0.0707 0.0073 0.3547
409.0000 0.0798 0.0081 0.4011
410.0000 0.0895 0.0091 0.4508
411.0000 0.0997 0.0101 0.5034
412.0000 0.1104 0.0111 0.5586
413.0000 0.1215 0.0121 0.6163
414.0000 0.1329 0.0132 0.6761
415.0000 0.1446 0.0143 0.7379
416.0000 0.1566 0.0155 0.8013
417.0000 0.1688 0.0166 0.8656
418.0000 0.1808 0.0179 0.9296
419.0000 0.1925 0.0191 0.9921
420.0000 0.2036 0.0203 1.0518
421.0000 0.2138 0.0214 1.1075
422.0000 0.2231 0.0226 1.1595
423.0000 0.2319 0.0237 1.2089
424.0000 0.2404 0.0249 1.2568
425.0000 0.2489 0.0261 1.3050
426.0000 0.2576 0.0274 1.3548
427.0000 0.2665 0.0287 1.4056
428.0000 0.2754 0.0302 1.4564
429.0000 0.2839 0.0317 1.5060
430.0000 0.2918 0.0332 1.5528
431.0000 0.2989 0.0348 1.5959
432.0000 0.3053 0.0364 1.6358
433.0000 0.3112 0.0381 1.6736
434.0000 0.3169 0.0398 1.7106
435.0000 0.3227 0.0416 1.7483
436.0000 0.3288 0.0434 1.7875
437.0000 0.3349 0.0452 1.8266
438.0000 0.3405 0.0470 1.8631
439.0000 0.3452 0.0487 1.8943
440.0000 0.3483 0.0503 1.9175
441.0000 0.3494 0.0519 1.9305
442.0000 0.3489 0.0533 1.9348
443.0000 0.3472 0.0547 1.9327
444.0000 0.3447 0.0561 1.9264
445.0000 0.3418 0.0574 1.9184
446.0000 0.3390 0.0589 1.9104
447.0000 0.3360 0.0603 1.9012
448.0000 0.3324 0.0618 1.8890
449.0000 0.3280 0.0633 1.8720
450.0000 0.3225 0.0647 1.8485
451.0000 0.3156 0.0661 1.8178
452.0000 0.3078 0.0676 1.7816
453.0000 0.2995 0.0690 1.7425
454.0000 0.2910 0.0706 1.7027
455.0000 0.2827 0.0724 1.6644
456.0000 0.2748 0.0744 1.6292
457.0000 0.2674 0.0766 1.5974
458.0000 0.2606 0.0791 1.5689
459.0000 0.2543 0.0820 1.5438
460.0000 0.2485 0.0851 1.5222
461.0000 0.2433 0.0887 1.5036
462.0000 0.2383 0.0927 1.4867
463.0000 0.2333 0.0969 1.4696
464.0000 0.2280 0.1014 1.4507
465.0000 0.2220 0.1060 1.4284
466.0000 0.2152 0.1107 1.4016
467.0000 0.2076 0.1155 1.3701
468.0000 0.1992 0.1203 1.3342
469.0000 0.1902 0.1251 1.2943
470.0000 0.1807 0.1299 1.2506
471.0000 0.1707 0.1346 1.2037
472.0000 0.1604 0.1393 1.1543
473.0000 0.1500 0.1440 1.1033
474.0000 0.1396 0.1487 1.0513
475.0000 0.1292 0.1535 0.9992
476.0000 0.1190 0.1584 0.9474
477.0000 0.1091 0.1633 0.8966
478.0000 0.0995 0.1684 0.8474
479.0000 0.0904 0.1735 0.8002
480.0000 0.0818 0.1788 0.7552
481.0000 0.0738 0.1842 0.7128
482.0000 0.0662 0.1897 0.6725
483.0000 0.0591 0.1952 0.6341
484.0000 0.0523 0.2008 0.5972
485.0000 0.0460 0.2065 0.5617
486.0000 0.0401 0.2122 0.5275
487.0000 0.0345 0.2180 0.4949
488.0000 0.0295 0.2242 0.4643
489.0000 0.0249 0.2307 0.4359
490.0000 0.0208 0.2379 0.4099
491.0000 0.0172 0.2459 0.3864
492.0000 0.0141 0.2546 0.3651
493.0000 0.0113 0.2641 0.3455
494.0000 0.0090 0.2742 0.3274
495.0000 0.0071 0.2851 0.3106
496.0000 0.0056 0.2965 0.2948
497.0000 0.0044 0.3085 0.2798
498.0000 0.0035 0.3211 0.2654
499.0000 0.0029 0.3344 0.2514
500.0000 0.0025 0.3484 0.2377
501.0000 0.0022 0.3630 0.2241
502.0000 0.0021 0.3782 0.2107
503.0000 0.0023 0.3941 0.1976
504.0000 0.0028 0.4107 0.1847
505.0000 0.0036 0.4278 0.1720
506.0000 0.0049 0.4454 0.1597
507.0000 0.0066 0.4635 0.1479
508.0000 0.0089 0.4821 0.1369
509.0000 0.0119 0.5011 0.1268
510.0000 0.0156 0.5205 0.1177
511.0000 0.0200 0.5401 0.1095
512.0000 0.0250 0.5600 0.1021
513.0000 0.0307 0.5801 0.0953
514.0000 0.0367 0.6003 0.0889
515.0000 0.0432 0.6206 0.0828
516.0000 0.0498 0.6409 0.0770
517.0000 0.0567 0.6611 0.0714
518.0000 0.0639 0.6808 0.0662
519.0000 0.0715 0.6999 0.0612
520.0000 0.0796 0.7181 0.0565
521.0000 0.0882 0.7352 0.0522
522.0000 0.0973 0.7512 0.0481
523.0000 0.1068 0.7663 0.0443
524.0000 0.1166 0.7807 0.0408
525.0000 0.1268 0.7946 0.0375
526.0000 0.1374 0.8082 0.0345
527.0000 0.1482 0.8214 0.0316
528.0000 0.1593 0.8341 0.0290
529.0000 0.1705 0.8462 0.0266
530.0000 0.1818 0.8576 0.0244
531.0000 0.1931 0.8682 0.0223
532.0000 0.2045 0.8783 0.0205
533.0000 0.2161 0.8880 0.0187
534.0000 0.2281 0.8975 0.0171
535.0000 0.2405 0.9071 0.0157
536.0000 0.2535 0.9170 0.0143
537.0000 0.2671 0.9269 0.0130
538.0000 0.2811 0.9367 0.0119
539.0000 0.2954 0.9459 0.0108
540.0000 0.3098 0.9545 0.0098
541.0000 0.3242 0.9620 0.0090
542.0000 0.3384 0.9684 0.0082
543.0000 0.3526 0.9738 0.0074
544.0000 0.3666 0.9782 0.0067
545.0000 0.3804 0.9814 0.0061
546.0000 0.3941 0.9837 0.0056
547.0000 0.4077 0.9852 0.0051
548.0000 0.4213 0.9864 0.0046
549.0000 0.4352 0.9875 0.0042
550.0000 0.4494 0.9890 0.0038
551.0000 0.4642 0.9911 0.0034
552.0000 0.4794 0.9935 0.0031
553.0000 0.4952 0.9959 0.0028
554.0000 0.5114 0.9980 0.0026
555.0000 0.5280 0.9995 0.0023
556.0000 0.5449 1.0000 0.0021
557.0000 0.5619 0.9998 0.0019
558.0000 0.5790 0.9990 0.0017
559.0000 0.5962 0.9979 0.0016
560.0000 0.6134 0.9968 0.0014
561.0000 0.6306 0.9957 0.0013
562.0000 0.6479 0.9947 0.0012
563.0000 0.6655 0.9936 0.0011
564.0000 0.6834 0.9921 0.0010
565.0000 0.7017 0.9903 0.0009
566.0000 0.7204 0.9879 0.0008
567.0000 0.7394 0.9849 0.0007
568.0000 0.7586 0.9815 0.0007
569.0000 0.7778 0.9776 0.0006
570.0000 0.7968 0.9733 0.0005
571.0000 0.8155 0.9685 0.0005
572.0000 0.8337 0.9631 0.0005
573.0000 0.8515 0.9571 0.0004
574.0000 0.8688 0.9503 0.0004
575.0000 0.8853 0.9425 0.0003
576.0000 0.9012 0.9337 0.0003
577.0000 0.9165 0.9243 0.0003
578.0000 0.9318 0.9147 0.0003
579.0000 0.9475 0.9052 0.0002
580.0000 0.9638 0.8964 0.0002
581.0000 0.9813 0.8883 0.0002
582.0000 0.9993 0.8808 0.0002
583.0000 1.0173 0.8736 0.0002
584.0000 1.0348 0.8664 0.0001
585.0000 1.0510 0.8587 0.0001
586.0000 1.0655 0.8504 0.0001
587.0000 1.0784 0.8415 0.0001
588.0000 1.0899 0.8320 0.0001
589.0000 1.1003 0.8220 0.0001
590.0000 1.1098 0.8116 0.0001
591.0000 1.1184 0.8008 0.0001
592.0000 1.1263 0.7897 0.0001
593.0000 1.1331 0.7782 0.0001
594.0000 1.1390 0.7665 0.0001
595.0000 1.1436 0.7545 0.0001
596.0000 1.1471 0.7422 0.0001
597.0000 1.1495 0.7298 0.0000
598.0000 1.1508 0.7173 0.0000
599.0000 1.1513 0.7046 0.0000
600.0000 1.1510 0.6919 0.0000
601.0000 1.1500 0.6791 0.0000
602.0000 1.1481 0.6663 0.0000
603.0000 1.1450 0.6534 0.0000
604.0000 1.1406 0.6403 0.0000
605.0000 1.1348 0.6270 0.0000
606.0000 1.1273 0.6135 0.0000
607.0000 1.1183 0.5998 0.0000
608.0000 1.1080 0.5861 0.0000
609.0000 1.0965 0.5722 0.0000
610.0000 1.0839 0.5584 0.0000
611.0000 1.0704 0.5446 0.0000
612.0000 1.0559 0.5308 0.0000
613.0000 1.0406 0.5170 0.0000
614.0000 1.0244 0.5033 0.0000
615.0000 1.0073 0.4896 0.0000
616.0000 0.9895 0.4759 0.0000
617.0000 0.9711 0.4624 0.0000
618.0000 0.9523 0.4490 0.0000
619.0000 0.9333 0.4359 0.0000
620.0000 0.9143 0.4230 0.0000
621.0000 0.8953 0.4104 0.0000
622.0000 0.8760 0.3980 0.0000
623.0000 0.8562 0.3857 0.0000
624.0000 0.8354 0.3734 0.0000
625.0000 0.8136 0.3609 0.0000
626.0000 0.7905 0.3483 0.0000
627.0000 0.7664 0.3356 0.0000
628.0000 0.7419 0.3229 0.0000
629.0000 0.7171 0.3104 0.0000
630.0000 0.6925 0.2981 0.0000
631.0000 0.6682 0.2861 0.0000
632.0000 0.6443 0.2745 0.0000
633.0000 0.6208 0.2632 0.0000
634.0000 0.5979 0.2523 0.0000
635.0000 0.5755 0.2417 0.0000
636.0000 0.5537 0.2315 0.0000
637.0000 0.5325 0.2216 0.0000
638.0000 0.5120 0.2122 0.0000
639.0000 0.4922 0.2031 0.0000
640.0000 0.4731 0.1943 0.0000
641.0000 0.4547 0.1859 0.0000
642.0000 0.4369 0.1778 0.0000
643.0000 0.4193 0.1700 0.0000
644.0000 0.4019 0.1623 0.0000
645.0000 0.3845 0.1547 0.0000
646.0000 0.3671 0.1473 0.0000
647.0000 0.3497 0.1400 0.0000
648.0000 0.3326 0.1329 0.0000
649.0000 0.3159 0.1260 0.0000
650.0000 0.2997 0.1193 0.0000
651.0000 0.2841 0.1129 0.0000
652.0000 0.2691 0.1067 0.0000
653.0000 0.2547 0.1008 0.0000
654.0000 0.2409 0.0952 0.0000
655.0000 0.2278 0.0898 0.0000
656.0000 0.2152 0.0847 0.0000
657.0000 0.2033 0.0798 0.0000
658.0000 0.1919 0.0752 0.0000
659.0000 0.1811 0.0709 0.0000
660.0000 0.1708 0.0667 0.0000
661.0000 0.1610 0.0628 0.0000
662.0000 0.1517 0.0590 0.0000
663.0000 0.1428 0.0555 0.0000
664.0000 0.1344 0.0522 0.0000
665.0000 0.1264 0.0490 0.0000
666.0000 0.1188 0.0460 0.0000
667.0000 0.1116 0.0432 0.0000
668.0000 0.1048 0.0405 0.0000
669.0000 0.0983 0.0380 0.0000
670.0000 0.0922 0.0356 0.0000
671.0000 0.0865 0.0333 0.0000
672.0000 0.0810 0.0312 0.0000
673.0000 0.0759 0.0292 0.0000
674.0000 0.0710 0.0273 0.0000
675.0000 0.0664 0.0255 0.0000
676.0000 0.0621 0.0239 0.0000
677.0000 0.0580 0.0223 0.0000
678.0000 0.0541 0.0208 0.0000
679.0000 0.0505 0.0194 0.0000
680.0000 0.0471 0.0181 0.0000
681.0000 0.0439 0.0168 0.0000
682.0000 0.0409 0.0157 0.0000
683.0000 0.0381 0.0146 0.0000
684.0000 0.0354 0.0136 0.0000
685.0000 0.0329 0.0126 0.0000
686.0000 0.0306 0.0117 0.0000
687.0000 0.0283 0.0109 0.0000
688.0000 0.0263 0.0101 0.0000
689.0000 0.0244 0.0093 0.0000
690.0000 0.0226 0.0087 0.0000
691.0000 0.0210 0.0080 0.0000
692.0000 0.0195 0.0075 0.0000
693.0000 0.0182 0.0070 0.0000
694.0000 0.0169 0.0065 0.0000
695.0000 0.0158 0.0060 0.0000
696.0000 0.0147 0.0056 0.0000
697.0000 0.0136 0.0052 0.0000
698.0000 0.0127 0.0049 0.0000
699.0000 0.0118 0.0045 0.0000
700.0000 0.0110 0.0042 0.0000
701.0000 0.0102 0.0039 0.0000
702.0000 0.0095 0.0036 0.0000
703.0000 0.0088 0.0034 0.0000
704.0000 0.0082 0.0031 0.0000
705.0000 0.0076 0.0029 0.0000
706.0000 0.0071 0.0027 0.0000
707.0000 0.0065 0.0025 0.0000
708.0000 0.0061 0.0023 0.0000
709.0000 0.0056 0.0022 0.0000
710.0000 0.0052 0.0020 0.0000
711.0000 0.0048 0.0018 0.0000
712.0000 0.0045 0.0017 0.0000
713.0000 0.0042 0.0016 0.0000
714.0000 0.0038 0.0015 0.0000
715.0000 0.0036 0.0014 0.0000
716.0000 0.0033 0.0013 0.0000
717.0000 0.0031 0.0012 0.0000
718.0000 0.0029 0.0011 0.0000
719.0000 0.0027 0.0010 0.0000
720.0000 0.0025 0.0009 0.0000
721.0000 0.0023 0.0009 0.0000
722.0000 0.0021 0.0008 0.0000
723.0000 0.0020 0.0008 0.0000
724.0000 0.0018 0.0007 0.0000
725.0000 0.0017 0.0007 0.0000
726.0000 0.0016 0.0006 0.0000
727.0000 0.0015 0.0006 0.0000
728.0000 0.0014 0.0005 0.0000
729.0000 0.0013 0.0005 0.0000
730.0000 0.0012 0.0005 0.0000
731.0000 0.0011 0.0004 0.0000
732.0000 0.0010 0.0004 0.0000
733.0000 0.0010 0.0004 0.0000
734.0000 0.0009 0.0003 0.0000
735.0000 0.0008 0.0003 0.0000
736.0000 0.0008 0.0003 0.0000
737.0000 0.0007 0.0003 0.0000
738.0000 0.0007 0.0003 0.0000
739.0000 0.0006 0.0002 0.0000
740.0000 0.0006 0.0002 0.0000
741.0000 0.0005 0.0002 0.0000
742.0000 0.0005 0.0002 0.0000
743.0000 0.0005 0.0002 0.0000
744.0000 0.0004 0.0002 0.0000
745.0000 0.0004 0.0002 0.0000
746.0000 0.0004 0.0001 0.0000
747.0000 0.0004 0.0001 0.0000
748.0000 0.0003 0.0001 0.0000
749.0000 0.0003 0.0001 0.0000
750.0000 0.0003 0.0001 0.0000
751.0000 0.0003 0.0001 0.0000
752.0000 0.0002 0.0001 0.0000
753.0000 0.0002 0.0001 0.0000
754.0000 0.0002 0.0001 0.0000
755.0000 0.0002 0.0001 0.0000
756.0000 0.0002 0.0001 0.0000
757.0000 0.0002 0.0001 0.0000
758.0000 0.0002 0.0001 0.0000
759.0000 0.0002 0.0001 0.0000
760.0000 0.0001 0.0001 0.0000
761.0000 0.0001 0.0001 0.0000
762.0000 0.0001 0.0000 0.0000
763.0000 0.0001 0.0000 0.0000
764.0000 0.0001 0.0000 0.0000
765.0000 0.0001 0.0000 0.0000
766.0000 0.0001 0.0000 0.0000
767.0000 0.0001 0.0000 0.0000
768.0000 0.0001 0.0000 0.0000
769.0000 0.0001 0.0000 0.0000
770.0000 0.0001 0.0000 0.0000
771.0000 0.0001 0.0000 0.0000
772.0000 0.0001 0.0000 0.0000
773.0000 0.0001 0.0000 0.0000
774.0000 0.0001 0.0000 0.0000
775.0000 0.0001 0.0000 0.0000
776.0000 0.0000 0.0000 0.0000
777.0000 0.0000 0.0000 0.0000
778.0000 0.0000 0.0000 0.0000
779.0000 0.0000 0.0000 0.0000
780.0000 0.0000 0.0000 0.0000
781.0000 0.0000 0.0000 0.0000
782.0000 0.0000 0.0000 0.0000
783.0000 0.0000 0.0000 0.0000
784.0000 0.0000 0.0000 0.0000
785.0000 0.0000 0.0000 0.0000
786.0000 0.0000 0.0000 0.0000
787.0000 0.0000 0.0000 0.0000
788.0000 0.0000 0.0000 0.0000
789.0000 0.0000 0.0000 0.0000
790.0000 0.0000 0.0000 0.0000
791.0000 0.0000 0.0000 0.0000
792.0000 0.0000 0.0000 0.0000
793.0000 0.0000 0.0000 0.0000
794.0000 0.0000 0.0000 0.0000
795.0000 0.0000 0.0000 0.0000
796.0000 0.0000 0.0000 0.0000
797.0000 0.0000 0.0000 0.0000
798.0000 0.0000 0.0000 0.0000
799.0000 0.0000 0.0000 0.0000
800.0000 0.0000 0.0000 0.0000
801.0000 0.0000 0.0000 0.0000
802.0000 0.0000 0.0000 0.0000
803.0000 0.0000 0.0000 0.0000
804.0000 0.0000 0.0000 0.0000
805.0000 0.0000 0.0000 0.0000
806.0000 0.0000 0.0000 0.0000
807.0000 0.0000 0.0000 0.0000
808.0000 0.0000 0.0000 0.0000
809.0000 0.0000 0.0000 0.0000
810.0000 0.0000 0.0000 0.0000
811.0000 0.0000 0.0000 0.0000
812.0000 0.0000 0.0000 0.0000
813.0000 0.0000 0.0000 0.0000
814.0000 0.0000 0.0000 0.0000
815.0000 0.0000 0.0000 0.0000
816.0000 0.0000 0.0000 0.0000
817.0000 0.0000 0.0000 0.0000
818.0000 0.0000 0.0000 0.0000
819.0000 0.0000 0.0000 0.0000
820.0000 0.0000 0.0000 0.0000
821.0000 0.0000 0.0000 0.0000
822.0000 0.0000 0.0000 0.0000
823.0000 0.0000 0.0000 0.0000
824.0000 0.0000 0.0000 0.0000
825.0000 0.0000 0.0000 0.0000
826.0000 0.0000 0.0000 0.0000
827.0000 0.0000 0.0000 0.0000
828.0000 0.0000 0.0000 0.0000
829.0000 0.0000 0.0000 0.0000
830.0000 0.0000 0.0000 0.0000
