380.0000 0.1086 0.1053 0.0858 0.0790 0.1167 0.0872 0.0726 0.0652 0.0643 0.0540 0.0482 0.0691 0.0829 0.0530 0.0908
385.0000 0.1380 0.1323 0.0990 0.0984 0.1352 0.1001 0.0760 0.0657 0.0661 0.0489 0.0456 0.0692 0.0829 0.0507 0.1021
390.0000 0.1729 0.1662 0.1204 0.1242 0.1674 0.1159 0.0789 0.0667 0.0702 0.0548 0.0478 0.0727 0.0866 0.0505 0.1130
395.0000 0.2167 0.2113 0.1458 0.1595 0.2024 0.1339 0.0844 0.0691 0.0672 0.0550 0.0455 0.0756 0.0888 0.0502 0.1280
400.0000 0.2539 0.2516 0.1696 0.1937 0.2298 0.1431 0.0864 0.0694 0.0715 0.0529 0.0484 0.0770 0.0884 0.0498 0.1359
405.0000 0.2785 0.2806 0.1922 0.2215 0.2521 0.1516 0.0848 0.0709 0.0705 0.0521 0.0494 0.0806 0.0853 0.0489 0.1378
410.0000 0.2853 0.2971 0.2101 0.2419 0.2635 0.1570 0.0861 0.0707 0.0727 0.0541 0.0456 0.0771 0.0868 0.0503 0.1363
415.0000 0.2883 0.3042 0.2179 0.2488 0.2702 0.1608 0.0859 0.0691 0.0731 0.0548 0.0470 0.0742 0.0859 0.0492 0.1363
420.0000 0.2860 0.3125 0.2233 0.2603 0.2758 0.1649 0.0868 0.0717 0.0745 0.0541 0.0473 0.0766 0.0828 0.0511 0.1354
425.0000 0.2761 0.3183 0.2371 0.2776 0.2834 0.1678 0.0869 0.0692 0.0770 0.0531 0.0486 0.0733 0.0819 0.0509 0.1322
430.0000 0.2674 0.3196 0.2499 0.2868 0.2934 0.1785 0.0882 0.0710 0.0756 0.0599 0.0501 0.0758 0.0822 0.0496 0.1294
435.0000 0.2565 0.3261 0.2674 0.3107 0.3042 0.1829 0.0903 0.0717 0.0773 0.0569 0.0480 0.0768 0.0818 0.0494 0.1241
440.0000 0.2422 0.3253 0.2949 0.3309 0.3201 0.1896 0.0924 0.0722 0.0786 0.0603 0.0490 0.0775 0.0822 0.0480 0.1209
445.0000 0.2281 0.3193 0.3232 0.3515 0.3329 0.2032 0.0951 0.0737 0.0818 0.0643 0.0468 0.0754 0.0819 0.0487 0.1137
450.0000 0.2140 0.3071 0.3435 0.3676 0.3511 0.2120 0.0969 0.0731 0.0861 0.0702 0.0471 0.0763 0.0807 0.0468 0.1117
455.0000 0.2004 0.2961 0.3538 0.3819 0.3724 0.2294 0.1003 0.0777 0.0907 0.0715 0.0486 0.0763 0.0787 0.0443 0.1045
460.0000 0.1854 0.2873 0.3602 0.4026 0.4027 0.2539 0.1083 0.0823 0.0981 0.0798 0.0517 0.0752 0.0832 0.0440 0.1006
465.0000 0.1733 0.2729 0.3571 0.4189 0.4367 0.2869 0.1203 0.0917 0.1067 0.0860 0.0519 0.0782 0.0828 0.0427 0.0970
470.0000 0.1602 0.2595 0.3511 0.4317 0.4625 0.3170 0.1383 0.1062 0.1152 0.0959 0.0479 0.0808 0.0810 0.0421 0.0908
475.0000 0.1499 0.2395 0.3365 0.4363 0.4890 0.3570 0.1634 0.1285 0.1294 0.1088 0.0494 0.0778 0.0819 0.0414 0.0858
480.0000 0.1414 0.2194 0.3176 0.4356 0.5085 0.3994 0.1988 0.1598 0.1410 0.1218 0.0524 0.0788 0.0836 0.0408 0.0807
485.0000 0.1288 0.1949 0.2956 0.4297 0.5181 0.4346 0.2376 0.1993 0.1531 0.1398 0.0527 0.0805 0.0802 0.0400 0.0752
490.0000 0.1204 0.1732 0.2747 0.4199 0.5243 0.4615 0.2795 0.2445 0.1694 0.1626 0.0537 0.0809 0.0809 0.0392 0.0716
495.0000 0.1104 0.1560 0.2506 0.4058 0.5179 0.4747 0.3275 0.2974 0.1919 0.1878 0.0577 0.0838 0.0838 0.0406 0.0688
500.0000 0.1061 0.1436 0.2279 0.3882 0.5084 0.4754 0.3671 0.3462 0.2178 0.2302 0.0647 0.0922 0.0842 0.0388 0.0678
505.0000 0.1018 0.1305 0.2055 0.3660 0.4904 0.4691 0.4030 0.3894 0.2560 0.2829 0.0737 0.1051 0.0865 0.0396 0.0639
510.0000 0.0968 0.1174 0.1847 0.3433 0.4717 0.4556 0.4201 0.4180 0.3110 0.3455 0.0983 0.1230 0.0910 0.0397 0.0615
515.0000 0.0941 0.1075 0.1592 0.3148 0.4467 0.4371 0.4257 0.4433 0.3789 0.4171 0.1396 0.1521 0.0920 0.0391 0.0586
520.0000 0.0881 0.0991 0.1438 0.2890 0.4207 0.4154 0.4218 0.4548 0.4515 0.4871 0.1809 0.1728 0.0917 0.0405 0.0571
525.0000 0.0842 0.0925 0.1244 0.2583 0.3931 0.3937 0.4090 0.4605 0.5285 0.5529 0.2280 0.1842 0.0917 0.0394 0.0527
530.0000 0.0808 0.0916 0.1105 0.2340 0.3653 0.3737 0.3977 0.4647 0.5845 0.5955 0.2645 0.1897 0.0952 0.0401 0.0513
535.0000 0.0779 0.0896 0.0959 0.2076 0.3363 0.3459 0.3769 0.4626 0.6261 0.6299 0.2963 0.1946 0.0983 0.0396 0.0537
540.0000 0.0782 0.0897 0.0871 0.1839 0.3083 0.3203 0.3559 0.4604 0.6458 0.6552 0.3202 0.2037 0.1036 0.0396 0.0512
545.0000 0.0773 0.0893 0.0790 0.1613 0.2808 0.2941 0.3312 0.4522 0.6547 0.6661 0.3545 0.2248 0.1150 0.0395 0.0530
550.0000 0.0793 0.0891 0.0703 0.1434 0.2538 0.2715 0.3072 0.4444 0.6545 0.6752 0.3950 0.2675 0.1331 0.0399 0.0517
555.0000 0.0790 0.0868 0.0652 0.1243 0.2260 0.2442 0.2803 0.4321 0.6473 0.6832 0.4353 0.3286 0.1646 0.0420 0.0511
560.0000 0.0793 0.0820 0.0555 0.1044 0.2024 0.2205 0.2532 0.4149 0.6351 0.6851 0.4577 0.3895 0.2070 0.0410 0.0507
565.0000 0.0806 0.0829 0.0579 0.0978 0.1865 0.1979 0.2313 0.4039 0.6252 0.6964 0.4904 0.4654 0.2754 0.0464 0.0549
570.0000 0.0805 0.0854 0.0562 0.0910 0.1697 0.1800 0.2109 0.3879 0.6064 0.6966 0.5075 0.5188 0.3279 0.0500 0.0559
575.0000 0.0793 0.0871 0.0548 0.0832 0.1592 0.1610 0.1897 0.3694 0.5924 0.7063 0.5193 0.5592 0.3819 0.0545 0.0627
580.0000 0.0803 0.0922 0.0517 0.0771 0.1482 0.1463 0.1723 0.3526 0.5756 0.7104 0.5273 0.5909 0.4250 0.0620 0.0678
585.0000 0.0815 0.0978 0.0544 0.0747 0.1393 0.1284 0.1528 0.3288 0.5549 0.7115 0.5359 0.6189 0.4690 0.0742 0.0810
590.0000 0.0842 0.1037 0.0519 0.0726 0.1316 0.1172 0.1355 0.3080 0.5303 0.7145 0.5431 0.6343 0.5067 0.0937 0.1004
595.0000 0.0912 0.1079 0.0520 0.0682 0.1217 0.1045 0.1196 0.2829 0.5002 0.7195 0.5449 0.6485 0.5443 0.1279 0.1268
600.0000 0.1035 0.1092 0.0541 0.0671 0.1182 0.0964 0.1050 0.2591 0.4793 0.7183 0.5493 0.6607 0.5721 0.1762 0.1595
605.0000 0.1212 0.1088 0.0537 0.0660 0.1112 0.0903 0.0949 0.2388 0.4517 0.7208 0.5526 0.6648 0.5871 0.2449 0.2012
610.0000 0.1455 0.1078 0.0545 0.0661 0.1071 0.0873 0.0868 0.2228 0.4340 0.7228 0.5561 0.6654 0.6073 0.3211 0.2452
615.0000 0.1785 0.1026 0.0560 0.0660 0.1059 0.0846 0.0797 0.2109 0.4169 0.7274 0.5552 0.6721 0.6141 0.4050 0.2953
620.0000 0.2107 0.0991 0.0560 0.0653 0.1044 0.0829 0.0783 0.2033 0.4060 0.7251 0.5573 0.6744 0.6170 0.4745 0.3439
625.0000 0.2460 0.0995 0.0561 0.0644 0.1021 0.0814 0.0732 0.1963 0.3989 0.7274 0.5620 0.6723 0.6216 0.5335 0.3928
630.0000 0.2791 0.1043 0.0578 0.0653 0.0991 0.0805 0.0737 0.1936 0.3945 0.7341 0.5607 0.6811 0.6272 0.5776 0.4336
635.0000 0.3074 0.1101 0.0586 0.0669 0.1000 0.0803 0.0709 0.1887 0.3887 0.7358 0.5599 0.6792 0.6287 0.6094 0.4723
640.0000 0.3330 0.1187 0.0573 0.0660 0.0980 0.0801 0.0703 0.1847 0.3805 0.7362 0.5632 0.6774 0.6276 0.6320 0.4996
645.0000 0.3542 0.1311 0.0602 0.0677 0.0963 0.0776 0.0696 0.1804 0.3741 0.7354 0.5644 0.6796 0.6351 0.6495 0.5279
650.0000 0.3745 0.1430 0.0604 0.0668 0.0997 0.0797 0.0673 0.1766 0.3700 0.7442 0.5680 0.6856 0.6362 0.6620 0.5428
655.0000 0.3920 0.1583 0.0606 0.0693 0.0994 0.0801 0.0677 0.1734 0.3630 0.7438 0.5660 0.6853 0.6348 0.6743 0.5601
660.0000 0.4052 0.1704 0.0606 0.0689 0.1022 0.0810 0.0682 0.1721 0.3640 0.7440 0.5709 0.6864 0.6418 0.6833 0.5736
665.0000 0.4186 0.1846 0.0595 0.0676 0.1005 0.0819 0.0665 0.1720 0.3590 0.7436 0.5692 0.6879 0.6438 0.6895 0.5837
670.0000 0.4281 0.1906 0.0609 0.0694 0.1044 0.0856 0.0691 0.1724 0.3648 0.7442 0.5657 0.6874 0.6378 0.6924 0.5890
675.0000 0.4395 0.1983 0.0605 0.0687 0.1073 0.0913 0.0695 0.1757 0.3696 0.7489 0.5716 0.6871 0.6410 0.7030 0.5959
680.0000 0.4440 0.1981 0.0602 0.0698 0.1069 0.0930 0.0723 0.1781 0.3734 0.7435 0.5729 0.6863 0.6460 0.7075 0.5983
685.0000 0.4497 0.1963 0.0580 0.0679 0.1103 0.0958 0.0727 0.1829 0.3818 0.7460 0.5739 0.6890 0.6451 0.7112 0.6015
690.0000 0.4555 0.2003 0.0587 0.0694 0.1104 0.1016 0.0757 0.1897 0.3884 0.7518 0.5714 0.6863 0.6432 0.7187 0.6054
695.0000 0.4612 0.2034 0.0573 0.0675 0.1084 0.1044 0.0767 0.1949 0.3947 0.7550 0.5741 0.6893 0.6509 0.7214 0.6135
700.0000 0.4663 0.2061 0.0606 0.0676 0.1092 0.1047 0.0810 0.2018 0.4011 0.7496 0.5774 0.6950 0.6517 0.7284 0.6200
705.0000 0.4707 0.2120 0.0613 0.0662 0.1074 0.1062 0.0818 0.2051 0.4040 0.7548 0.5791 0.6941 0.6514 0.7327 0.6287
710.0000 0.4783 0.2207 0.0618 0.0681 0.1059 0.1052 0.0837 0.2071 0.4072 0.7609 0.5801 0.6958 0.6567 0.7351 0.6405
715.0000 0.4778 0.2257 0.0652 0.0706 0.1082 0.1029 0.0822 0.2066 0.4065 0.7580 0.5804 0.6950 0.6597 0.7374 0.6443
720.0000 0.4844 0.2335 0.0647 0.0728 0.1106 0.1025 0.0838 0.2032 0.4006 0.7574 0.5840 0.7008 0.6576 0.7410 0.6489
725.0000 0.4877 0.2441 0.0684 0.0766 0.1129 0.1008 0.0847 0.1998 0.3983 0.7632 0.5814 0.7020 0.6576 0.7417 0.6621
730.0000 0.4928 0.2550 0.0718 0.0814 0.1186 0.1036 0.0837 0.2024 0.3981 0.7701 0.5874 0.7059 0.6656 0.7491 0.6662
735.0000 0.4960 0.2684 0.0731 0.0901 0.1243 0.1059 0.0864 0.2032 0.3990 0.7667 0.5885 0.7085 0.6641 0.7516 0.6726
740.0000 0.4976 0.2862 0.0791 0.1042 0.1359 0.1123 0.0882 0.2074 0.4096 0.7735 0.5911 0.7047 0.6667 0.7532 0.6774
745.0000 0.4993 0.3086 0.0828 0.1228 0.1466 0.1175 0.0923 0.2160 0.4187 0.7720 0.5878 0.7021 0.6688 0.7567 0.6834
750.0000 0.5015 0.3262 0.0896 0.1482 0.1617 0.1217 0.0967 0.2194 0.4264 0.7739 0.5896 0.7071 0.6713 0.7600 0.6808
755.0000 0.5044 0.3483 0.0980 0.1793 0.1739 0.1304 0.0996 0.2293 0.4370 0.7740 0.5947 0.7088 0.6657 0.7592 0.6838
760.0000 0.5042 0.3665 0.1063 0.2129 0.1814 0.1330 0.1027 0.2378 0.4424 0.7699 0.5945 0.7055 0.6712 0.7605 0.6874
765.0000 0.5073 0.3814 0.1137 0.2445 0.1907 0.1373 0.1080 0.2448 0.4512 0.7788 0.5935 0.7073 0.6745 0.7629 0.6955
770.0000 0.5112 0.3974 0.1238 0.2674 0.1976 0.1376 0.1115 0.2489 0.4579 0.7801 0.5979 0.7114 0.6780 0.7646 0.7012
775.0000 0.5147 0.4091 0.1381 0.2838 0.1958 0.1384 0.1118 0.2558 0.4596 0.7728 0.5941 0.7028 0.6744 0.7622 0.6996
780.0000 0.5128 0.4206 0.1505 0.2979 0.1972 0.1390 0.1152 0.2635 0.4756 0.7793 0.5962 0.7105 0.6786 0.7680 0.7023
785.0000 0.5108 0.4230 0.1685 0.3067 0.2018 0.1378 0.1201 0.2775 0.4880 0.7797 0.5919 0.7078 0.6823 0.7672 0.7022
790.0000 0.5171 0.4397 0.1862 0.3226 0.2093 0.1501 0.1253 0.2957 0.5066 0.7754 0.5996 0.7112 0.6806 0.7645 0.7144
795.0000 0.5135 0.4456 0.2078 0.3396 0.2161 0.1526 0.1313 0.3093 0.5214 0.7810 0.5953 0.7123 0.6718 0.7669 0.7062
800.0000 0.5191 0.4537 0.2338 0.3512 0.2269 0.1646 0.1393 0.3239 0.5450 0.7789 0.5953 0.7158 0.6813 0.7683 0.7075
805.0000 0.5191 0.4537 0.2338 0.3512 0.2269 0.1646 0.1393 0.3239 0.5450 0.7789 0.5953 0.7158 0.6813 0.7683 0.7075
810.0000 0.5191 0.4537 0.2338 0.3512 0.2269 0.1646 0.1393 0.3239 0.5450 0.7789 0.5953 0.7158 0.6813 0.7683 0.7075
815.0000 0.5191 0.4537 0.2338 0.3512 0.2269 0.1646 0.1393 0.3239 0.5450 0.7789 0.5953 0.7158 0.6813 0.7683 0.7075
820.0000 0.5191 0.4537 0.2338 0.3512 0.2269 0.1646 0.1393 0.3239 0.5450 0.7789 0.5953 0.7158 0.6813 0.7683 0.7075
825.0000 0.5191 0.4537 0.2338 0.3512 0.2269 0.1646 0.1393 0.3239 0.5450 0.7789 0.5953 0.7158 0.6813 0.7683 0.7075
830.0000 0.5191 0.4537 0.2338 0.3512 0.2269 0.1646 0.1393 0.3239 0.5450 0.7789 0.5953 0.7158 0.6813 0.7683 0.7075
