360	0.00012990	0.00000392	0.00060610	0.00000012	0.00000001	0.00000054
361	0.00014585	0.00000439	0.00068088	0.00000019	0.00000002	0.00000081
362	0.00016380	0.00000493	0.00076515	0.00000028	0.00000003	0.00000122
363	0.00018400	0.00000553	0.00086001	0.00000042	0.00000005	0.00000183
364	0.00020669	0.00000621	0.00096659	0.00000062	0.00000007	0.00000272
365	0.00023210	0.00000697	0.00108600	0.00000092	0.00000010	0.00000403
366	0.00026073	0.00000781	0.00122059	0.00000135	0.00000015	0.00000593
367	0.00029308	0.00000877	0.00137273	0.00000198	0.00000022	0.00000867
368	0.00032939	0.00000984	0.00154358	0.00000287	0.00000031	0.00001260
369	0.00036991	0.00001104	0.00173429	0.00000415	0.00000045	0.00001820
370	0.00041490	0.00001239	0.00194600	0.00000596	0.00000065	0.00002614
371	0.00046416	0.00001389	0.00217778	0.00000851	0.00000093	0.00003733
372	0.00051899	0.00001556	0.00243581	0.00001207	0.00000132	0.00005299
373	0.00058185	0.00001744	0.00273195	0.00001702	0.00000186	0.00007476
374	0.00065523	0.00001958	0.00307806	0.00002387	0.00000260	0.00010487
375	0.00074160	0.00002202	0.00348600	0.00003327	0.00000363	0.00014622
376	0.00084503	0.00002484	0.00397523	0.00004609	0.00000502	0.00020266
377	0.00096453	0.00002804	0.00454088	0.00006347	0.00000691	0.00027923
378	0.00109495	0.00003153	0.00515832	0.00008689	0.00000945	0.00038245
379	0.00123115	0.00003522	0.00580291	0.00011825	0.00001285	0.00052072
380	0.00136800	0.00003900	0.00645000	0.00015995	0.00001736	0.00070478
381	0.00150205	0.00004283	0.00708322	0.00021508	0.00002333	0.00094823
382	0.00164233	0.00004691	0.00774549	0.00028749	0.00003115	0.00126820
383	0.00180238	0.00005159	0.00850115	0.00038199	0.00004135	0.00168610
384	0.00199576	0.00005718	0.00941454	0.00050455	0.00005456	0.00222850
385	0.00223600	0.00006400	0.01054999	0.00066244	0.00007156	0.00292780
386	0.00253539	0.00007234	0.01196580	0.00086450	0.00009330	0.00382370
387	0.00289260	0.00008221	0.01365587	0.00112150	0.00012087	0.00496420
388	0.00330083	0.00009351	0.01558805	0.00144616	0.00015564	0.00640670
389	0.00375324	0.00010614	0.01773015	0.00185359	0.00019920	0.00821930
390	0.00424300	0.00012000	0.02005001	0.00236160	0.00025340	0.01048220
391	0.00476239	0.00013498	0.02251136	0.00299060	0.00032020	0.01328900
392	0.00533005	0.00015149	0.02520288	0.00376450	0.00040240	0.01674700
393	0.00597871	0.00017021	0.02827972	0.00471020	0.00050230	0.02098000
394	0.00674112	0.00019182	0.03189704	0.00585810	0.00062320	0.02612700
395	0.00765000	0.00021700	0.03621000	0.00724230	0.00076850	0.03234400
396	0.00875137	0.00024691	0.04143771	0.00889960	0.00094170	0.03980200
397	0.01002888	0.00028124	0.04750372	0.01087090	0.00114780	0.04869100
398	0.01142170	0.00031852	0.05411988	0.01319890	0.00139030	0.05921000
399	0.01286901	0.00035727	0.06099803	0.01592920	0.00167400	0.07157600
400	0.01431000	0.00039600	0.06785001	0.01910970	0.00200440	0.08601090
401	0.01570443	0.00043371	0.07448632	0.02278800	0.00238600	0.10274000
402	0.01714744	0.00047302	0.08136156	0.02701100	0.00282200	0.12200000
403	0.01878122	0.00051788	0.08915364	0.03182900	0.00331900	0.14402000
404	0.02074801	0.00057222	0.09854048	0.03727800	0.00388000	0.16899000
405	0.02319000	0.00064000	0.11020000	0.04340000	0.00450900	0.19712000
406	0.02620736	0.00072456	0.12461330	0.05022300	0.00520900	0.22857000
407	0.02978248	0.00082550	0.14170170	0.05776400	0.00598500	0.26347000
408	0.03388092	0.00094116	0.16130350	0.06603800	0.00683300	0.30190000
409	0.03846824	0.00106988	0.18325680	0.07503300	0.00775700	0.34387000
410	0.04351000	0.00121000	0.20740000	0.08473600	0.00875600	0.38936600
411	0.04899560	0.00136209	0.23369210	0.09504100	0.00981600	0.43797000
412	0.05502260	0.00153075	0.26261140	0.10583600	0.01091800	0.48922000
413	0.06171880	0.00172037	0.29477460	0.11706600	0.01205800	0.54290000
414	0.06921200	0.00193532	0.33079850	0.12868200	0.01323700	0.59881000
415	0.07763000	0.00218000	0.37130000	0.14063800	0.01445600	0.65676000
416	0.08695811	0.00245480	0.41620910	0.15289300	0.01571700	0.71658000
417	0.09717672	0.00276400	0.46546420	0.16541600	0.01702500	0.77812000
418	0.10840630	0.00311780	0.51969480	0.17819100	0.01839900	0.84131000
419	0.12076720	0.00352640	0.57953030	0.19121400	0.01984800	0.90611000
420	0.13438000	0.00400000	0.64560000	0.20449200	0.02139100	0.97254200
421	0.14935820	0.00454624	0.71848380	0.21765000	0.02299200	1.03890000
422	0.16539570	0.00515932	0.79671330	0.23026700	0.02459800	1.10310000
423	0.18198310	0.00582928	0.87784590	0.24231100	0.02621300	1.16510000
424	0.19861100	0.00654616	0.95943900	0.25379300	0.02784100	1.22490000
425	0.21477000	0.00730000	1.03905010	0.26473700	0.02949700	1.28250000
426	0.23018680	0.00808651	1.11536730	0.27519500	0.03119500	1.33820000
427	0.24487970	0.00890872	1.18849710	0.28530100	0.03292700	1.39260000
428	0.25877730	0.00976768	1.25812330	0.29514300	0.03473800	1.44610000
429	0.27180790	0.01066443	1.32392960	0.30486900	0.03665400	1.49940000
430	0.28390000	0.01160000	1.38560000	0.31467900	0.03867600	1.55348000
431	0.29494380	0.01257317	1.44263520	0.32435500	0.04079200	1.60720000
432	0.30489650	0.01358272	1.49480350	0.33357000	0.04294600	1.65890000
433	0.31378730	0.01462968	1.54219030	0.34224300	0.04511400	1.70820000
434	0.32164540	0.01571509	1.58488070	0.35031200	0.04733300	1.75480000
435	0.32850000	0.01684000	1.62296000	0.35771900	0.04960200	1.79850000
436	0.33435130	0.01800736	1.65640480	0.36448200	0.05193400	1.83920000
437	0.33921010	0.01921448	1.68529590	0.37049300	0.05433700	1.87660000
438	0.34312130	0.02045392	1.70987450	0.37572700	0.05682200	1.91050000
439	0.34612960	0.02171824	1.73038210	0.38015800	0.05939900	1.94080000
440	0.34828000	0.02300000	1.74706000	0.38373400	0.06207700	1.96728000
441	0.34959990	0.02429461	1.76004460	0.38632700	0.06473700	1.98910000
442	0.35014740	0.02561024	1.76962330	0.38785800	0.06728500	2.00570000
443	0.35001300	0.02695857	1.77626370	0.38839600	0.06976400	2.01740000
444	0.34928700	0.02835125	1.78043340	0.38797800	0.07221800	2.02440000
445	0.34806000	0.02980000	1.78260000	0.38672600	0.07470400	2.02730000
446	0.34637330	0.03131083	1.78296820	0.38469600	0.07727200	2.02640000
447	0.34426240	0.03288368	1.78169980	0.38200600	0.07997900	2.02230000
448	0.34180880	0.03452112	1.77919820	0.37870900	0.08287400	2.01530000
449	0.33909410	0.03622571	1.77586710	0.37491500	0.08600000	2.00600000
450	0.33620000	0.03800000	1.77211000	0.37070200	0.08945600	1.99480000
451	0.33319770	0.03984667	1.76825890	0.36608900	0.09294700	1.98140000
452	0.33004110	0.04176800	1.76403900	0.36104500	0.09627500	1.96530000
453	0.32663570	0.04376600	1.75894380	0.35551800	0.09953500	1.94640000
454	0.32288680	0.04584267	1.75246630	0.34948600	0.10282900	1.92480000
455	0.31870000	0.04800000	1.74410000	0.34295700	0.10625600	1.90070000
456	0.31402510	0.05024368	1.73355950	0.33589300	0.10990100	1.87410000
457	0.30888400	0.05257304	1.72085810	0.32828400	0.11383500	1.84510000
458	0.30329040	0.05498056	1.70593690	0.32015000	0.11816700	1.81390000
459	0.29725790	0.05745872	1.68873720	0.31147500	0.12293200	1.78060000
460	0.29080000	0.06000000	1.66920000	0.30227300	0.12820100	1.74537000
461	0.28397010	0.06260197	1.64752870	0.29285800	0.13345700	1.70910000
462	0.27672140	0.06527752	1.62341270	0.28350200	0.13832300	1.67230000
463	0.26891780	0.06804208	1.59602230	0.27404400	0.14304200	1.63470000
464	0.26042270	0.07091109	1.56452800	0.26426300	0.14778700	1.59560000
465	0.25110000	0.07390000	1.52810000	0.25408500	0.15276100	1.55490000
466	0.24084750	0.07701600	1.48611140	0.24339200	0.15810200	1.51220000
467	0.22985120	0.08026640	1.43952150	0.23218700	0.16394100	1.46730000
468	0.21840720	0.08366680	1.38987990	0.22048800	0.17036200	1.41990000
469	0.20681150	0.08723280	1.33873620	0.20819800	0.17742500	1.37000000
470	0.19536000	0.09098000	1.28764000	0.19561800	0.18519000	1.31756000
471	0.18421360	0.09491755	1.23742230	0.18303400	0.19302500	1.26240000
472	0.17332730	0.09904584	1.18782430	0.17022200	0.20031300	1.20500000
473	0.16268810	0.10336740	1.13876110	0.15734800	0.20715600	1.14660000
474	0.15228330	0.10788460	1.09014800	0.14465000	0.21364400	1.08800000
475	0.14210000	0.11260000	1.04190000	0.13234900	0.21994000	1.03020000
476	0.13217860	0.11753200	0.99419760	0.12058400	0.22617000	0.97383000
477	0.12256960	0.12267440	0.94734730	0.10945600	0.23246700	0.91943000
478	0.11327520	0.12799280	0.90145310	0.09904200	0.23902500	0.86746000
479	0.10429790	0.13345280	0.85661930	0.08938800	0.24599700	0.81828000
480	0.09564000	0.13902000	0.81295010	0.08050700	0.25358900	0.77212500
481	0.08729955	0.14467640	0.77051730	0.07203400	0.26187600	0.72829000
482	0.07930804	0.15046930	0.72944480	0.06371000	0.27064300	0.68604000
483	0.07171776	0.15646190	0.68991360	0.05569400	0.27964500	0.64553000
484	0.06458099	0.16271770	0.65210490	0.04811700	0.28869400	0.60685000
485	0.05795001	0.16930000	0.61620000	0.04107200	0.29766500	0.57006000
486	0.05186211	0.17624310	0.58232860	0.03464200	0.30646900	0.53522000
487	0.04628152	0.18355810	0.55041620	0.02889600	0.31503500	0.50234000
488	0.04115088	0.19127350	0.52033760	0.02387600	0.32333500	0.47140000
489	0.03641283	0.19941800	0.49196730	0.01962800	0.33136600	0.44239000
490	0.03201000	0.20802000	0.46518000	0.01617200	0.33913300	0.41525400
491	0.02791720	0.21711990	0.43992460	0.01330000	0.34786000	0.39002400
492	0.02414440	0.22673450	0.41618360	0.01075900	0.35832600	0.36639900
493	0.02068700	0.23685710	0.39388220	0.00854200	0.37000100	0.34401500
494	0.01754040	0.24748120	0.37294590	0.00666100	0.38246400	0.32268900
495	0.01470000	0.25860000	0.35330000	0.00513200	0.39537900	0.30235600
496	0.01216179	0.27018490	0.33485780	0.00398200	0.40848200	0.28303600
497	0.00991996	0.28229390	0.31755210	0.00323900	0.42158800	0.26481600
498	0.00796724	0.29505050	0.30133750	0.00293400	0.43461900	0.24784800
499	0.00629635	0.30857800	0.28616860	0.00311400	0.44760100	0.23231800
500	0.00490000	0.32300000	0.27200000	0.00381600	0.46077700	0.21850200
501	0.00377717	0.33840210	0.25881710	0.00509500	0.47434000	0.20585100
502	0.00294532	0.35468580	0.24648380	0.00693600	0.48820000	0.19359600
503	0.00242488	0.37169860	0.23477180	0.00929900	0.50234000	0.18173600
504	0.00223629	0.38928750	0.22345330	0.01214700	0.51674000	0.17028100
505	0.00240000	0.40730000	0.21230000	0.01544400	0.53136000	0.15924900
506	0.00292552	0.42562990	0.20116920	0.01915600	0.54619000	0.14867300
507	0.00383656	0.44430960	0.19011960	0.02325000	0.56118000	0.13860900
508	0.00517484	0.46339440	0.17922540	0.02769000	0.57629000	0.12909600
509	0.00698208	0.48293950	0.16856080	0.03244400	0.59150000	0.12021500
510	0.00930000	0.50300000	0.15820000	0.03746500	0.60674100	0.11204400
511	0.01214949	0.52356930	0.14813830	0.04295600	0.62215000	0.10471000
512	0.01553588	0.54451200	0.13837580	0.04911400	0.63783000	0.09819600
513	0.01947752	0.56569000	0.12899420	0.05592000	0.65371000	0.09236100
514	0.02399277	0.58696530	0.12007510	0.06334900	0.66968000	0.08708800
515	0.02910000	0.60820000	0.11170000	0.07135800	0.68566000	0.08224800
516	0.03481485	0.62934560	0.10390480	0.07990100	0.70155000	0.07774400
517	0.04112016	0.65030680	0.09666748	0.08890900	0.71723000	0.07345600
518	0.04798504	0.67087520	0.08998272	0.09829300	0.73257000	0.06926800
519	0.05537861	0.69084240	0.08384531	0.10794900	0.74746000	0.06506000
520	0.06327000	0.71000000	0.07824999	0.11774900	0.76175700	0.06070900
521	0.07163501	0.72818520	0.07320899	0.12783900	0.77534000	0.05645700
522	0.08046224	0.74546360	0.06867816	0.13845000	0.78822000	0.05260900
523	0.08973996	0.76196940	0.06456784	0.14951600	0.80046000	0.04912200
524	0.09945645	0.77783680	0.06078835	0.16104100	0.81214000	0.04595400
525	0.10960000	0.79320000	0.05725001	0.17295300	0.82333000	0.04305000
526	0.12016740	0.80811040	0.05390435	0.18520900	0.83412000	0.04036800
527	0.13111450	0.82249620	0.05074664	0.19775500	0.84460000	0.03783900
528	0.14236790	0.83630680	0.04775276	0.21053800	0.85487000	0.03538400
529	0.15385420	0.84949160	0.04489859	0.22346000	0.86504000	0.03294900
530	0.16550000	0.86200000	0.04216000	0.23649100	0.87521100	0.03045100
531	0.17725710	0.87381080	0.03950728	0.24963300	0.88537000	0.02802900
532	0.18914000	0.88496240	0.03693564	0.26297200	0.89537000	0.02586200
533	0.20116940	0.89549360	0.03445836	0.27651500	0.90515000	0.02392000
534	0.21336580	0.90544320	0.03208872	0.29026900	0.91465000	0.02217400
535	0.22574990	0.91485010	0.02984000	0.30421300	0.92381000	0.02058400
536	0.23832090	0.92373480	0.02771181	0.31836100	0.93255000	0.01912700
537	0.25106680	0.93209240	0.02569444	0.33270500	0.94081000	0.01774000
538	0.26399220	0.93992260	0.02378716	0.34723200	0.94852000	0.01640300
539	0.27710170	0.94722520	0.02198925	0.36192600	0.95560000	0.01506400
540	0.29040000	0.95400000	0.02030000	0.37677200	0.96198800	0.01367600
541	0.30389120	0.96025610	0.01871805	0.39168300	0.96754000	0.01230800
542	0.31757260	0.96600740	0.01724036	0.40659400	0.97223000	0.01105600
543	0.33143840	0.97126060	0.01586364	0.42153900	0.97617000	0.00991500
544	0.34548280	0.97602250	0.01458461	0.43651700	0.97946000	0.00887200
545	0.35970000	0.98030000	0.01340000	0.45158400	0.98220000	0.00791800
546	0.37408390	0.98409240	0.01230723	0.46678200	0.98452000	0.00703000
547	0.38863960	0.98741820	0.01130188	0.48214700	0.98652000	0.00622300
548	0.40337840	0.99031280	0.01037792	0.49773800	0.98832000	0.00545300
549	0.41831150	0.99281160	0.00952931	0.51360600	0.99002000	0.00471400
550	0.43344990	0.99495010	0.00875000	0.52982600	0.99176100	0.00398800
551	0.44879530	0.99671080	0.00803520	0.54644000	0.99353000	0.00328900
552	0.46433600	0.99809830	0.00738160	0.56342600	0.99523000	0.00264600
553	0.48006400	0.99911200	0.00678540	0.58072600	0.99677000	0.00206300
554	0.49597130	0.99974820	0.00624280	0.59829000	0.99809000	0.00153300
555	0.51205010	1.00000000	0.00575000	0.61605300	0.99911000	0.00109100
556	0.52829590	0.99985670	0.00530360	0.63394800	0.99977000	0.00071100
557	0.54469160	0.99930460	0.00489980	0.65190100	1.00000000	0.00040700
558	0.56120940	0.99832550	0.00453420	0.66982400	0.99971000	0.00018400
559	0.57782150	0.99689870	0.00420240	0.68763200	0.99885000	0.00004700
560	0.59450000	0.99500000	0.00390000	0.70522400	0.99734000	0.00000000
561	0.61122090	0.99260050	0.00362320	0.72277300	0.99526000	0.00000000
562	0.62797580	0.98974260	0.00337060	0.74048300	0.99274000	0.00000000
563	0.64476020	0.98644440	0.00314140	0.75827300	0.98975000	0.00000000
564	0.66156970	0.98272410	0.00293480	0.77608300	0.98630000	0.00000000
565	0.67840000	0.97860000	0.00275000	0.79383200	0.98238000	0.00000000
566	0.69523920	0.97408370	0.00258520	0.81143600	0.97798000	0.00000000
567	0.71205860	0.96917120	0.00243860	0.82882200	0.97311000	0.00000000
568	0.72882840	0.96385680	0.00230940	0.84587900	0.96774000	0.00000000
569	0.74551880	0.95813490	0.00219680	0.86252500	0.96189000	0.00000000
570	0.76210000	0.95200000	0.00210000	0.87865500	0.95555200	0.00000000
571	0.77854320	0.94545040	0.00201773	0.89420800	0.94860100	0.00000000
572	0.79482560	0.93849920	0.00194820	0.90920600	0.94098100	0.00000000
573	0.81092640	0.93116280	0.00188980	0.92367200	0.93279800	0.00000000
574	0.82682480	0.92345760	0.00184093	0.93763800	0.92415800	0.00000000
575	0.84250000	0.91540000	0.00180000	0.95116200	0.91517500	0.00000000
576	0.85793250	0.90700640	0.00176627	0.96428300	0.90595400	0.00000000
577	0.87308160	0.89827720	0.00173780	0.97706800	0.89660800	0.00000000
578	0.88789440	0.88920480	0.00171120	0.98959000	0.88724900	0.00000000
579	0.90231810	0.87978160	0.00168307	1.00191000	0.87798600	0.00000000
580	0.91630000	0.87000000	0.00165000	1.01416000	0.86893400	0.00000000
581	0.92979950	0.85986130	0.00161013	1.02650000	0.86016400	0.00000000
582	0.94279840	0.84939200	0.00156440	1.03880000	0.85151900	0.00000000
583	0.95527760	0.83862200	0.00151360	1.05100000	0.84296300	0.00000000
584	0.96721790	0.82758130	0.00145853	1.06290000	0.83439300	0.00000000
585	0.97860000	0.81630000	0.00140000	1.07430000	0.82562300	0.00000000
586	0.98938560	0.80479470	0.00133667	1.08520000	0.81676400	0.00000000
587	0.99954880	0.79308200	0.00127000	1.09520000	0.80754400	0.00000000
588	1.00908920	0.78119200	0.00120500	1.10420000	0.79794700	0.00000000
589	1.01800640	0.76915470	0.00114667	1.11200000	0.78789300	0.00000000
590	1.02630000	0.75700000	0.00110000	1.11852000	0.77740500	0.00000000
591	1.03398270	0.74475410	0.00106880	1.12380000	0.76649000	0.00000000
592	1.04098600	0.73242240	0.00104940	1.12800000	0.75530900	0.00000000
593	1.04718800	0.72000360	0.00103560	1.13110000	0.74384500	0.00000000
594	1.05246670	0.70749650	0.00102120	1.13320000	0.73219000	0.00000000
595	1.05670000	0.69490000	0.00100000	1.13430000	0.72035300	0.00000000
596	1.05979440	0.68221920	0.00096864	1.13430000	0.70828100	0.00000000
597	1.06179920	0.66947160	0.00092992	1.13330000	0.69605500	0.00000000
598	1.06280680	0.65667440	0.00088688	1.13120000	0.68362100	0.00000000
599	1.06290960	0.64384480	0.00084256	1.12810000	0.67104800	0.00000000
600	1.06220000	0.63100000	0.00080000	1.12399000	0.65834100	0.00000000
601	1.06073520	0.61815550	0.00076096	1.11890000	0.64554500	0.00000000
602	1.05844360	0.60531440	0.00072368	1.11290000	0.63271800	0.00000000
603	1.05522440	0.59247560	0.00068592	1.10590000	0.61981500	0.00000000
604	1.05097680	0.57963790	0.00064544	1.09800000	0.60688700	0.00000000
605	1.04560000	0.56680000	0.00060000	1.08910000	0.59387800	0.00000000
606	1.03903690	0.55396110	0.00054787	1.07920000	0.58078100	0.00000000
607	1.03136080	0.54113720	0.00049160	1.06840000	0.56765300	0.00000000
608	1.02266620	0.52835280	0.00043540	1.05670000	0.55449000	0.00000000
609	1.01304770	0.51563230	0.00038347	1.04400000	0.54122800	0.00000000
610	1.00260000	0.50300000	0.00034000	1.03048000	0.52796300	0.00000000
611	0.99136750	0.49046880	0.00030725	1.01600000	0.51463400	0.00000000
612	0.97933140	0.47803040	0.00028316	1.00080000	0.50136300	0.00000000
613	0.96649160	0.46567760	0.00026544	0.98479000	0.48812400	0.00000000
614	0.95284790	0.45340320	0.00025181	0.96808000	0.47493500	0.00000000
615	0.93840000	0.44120000	0.00024000	0.95074000	0.46183400	0.00000000
616	0.92319400	0.42908000	0.00022955	0.93280000	0.44882300	0.00000000
617	0.90724400	0.41703600	0.00022064	0.91434000	0.43591700	0.00000000
618	0.89050200	0.40503200	0.00021196	0.89539000	0.42315300	0.00000000
619	0.87292000	0.39303200	0.00020219	0.87603000	0.41052600	0.00000000
620	0.85444990	0.38100000	0.00019000	0.85629700	0.39805700	0.00000000
621	0.83508400	0.36891840	0.00017421	0.83635000	0.38583500	0.00000000
622	0.81494600	0.35682720	0.00015564	0.81629000	0.37395100	0.00000000
623	0.79418600	0.34477680	0.00013596	0.79605000	0.36231100	0.00000000
624	0.77295400	0.33281760	0.00011685	0.77561000	0.35086300	0.00000000
625	0.75140000	0.32100000	0.00010000	0.75493000	0.33955400	0.00000000
626	0.72958360	0.30933810	0.00008613	0.73399000	0.32830900	0.00000000
627	0.70758880	0.29785040	0.00007460	0.71278000	0.31711800	0.00000000
628	0.68560220	0.28659360	0.00006500	0.69129000	0.30593600	0.00000000
629	0.66381040	0.27562450	0.00005693	0.66952000	0.29473700	0.00000000
630	0.64240000	0.26500000	0.00005000	0.64746700	0.28349300	0.00000000
631	0.62151490	0.25476320	0.00004416	0.62511000	0.27222200	0.00000000
632	0.60111380	0.24488960	0.00003948	0.60252000	0.26099000	0.00000000
633	0.58110520	0.23533440	0.00003572	0.57989000	0.24987700	0.00000000
634	0.56139770	0.22605280	0.00003264	0.55737000	0.23894600	0.00000000
635	0.54190000	0.21700000	0.00003000	0.53511000	0.22825400	0.00000000
636	0.52259950	0.20816160	0.00002765	0.51324000	0.21785300	0.00000000
637	0.50354640	0.19954880	0.00002556	0.49186000	0.20778000	0.00000000
638	0.48474360	0.19115520	0.00002364	0.47108000	0.19807200	0.00000000
639	0.46619390	0.18297440	0.00002181	0.45096000	0.18874800	0.00000000
640	0.44790000	0.17500000	0.00002000	0.43156700	0.17982800	0.00000000
641	0.42986130	0.16722350	0.00001813	0.41287000	0.17128500	0.00000000
642	0.41209800	0.15964640	0.00001620	0.39475000	0.16305900	0.00000000
643	0.39464400	0.15227760	0.00001420	0.37721000	0.15515100	0.00000000
644	0.37753330	0.14512590	0.00001213	0.36019000	0.14753500	0.00000000
645	0.36080000	0.13820000	0.00001000	0.34369000	0.14021100	0.00000000
646	0.34445630	0.13150030	0.00000773	0.32769000	0.13317000	0.00000000
647	0.32851680	0.12502480	0.00000540	0.31217000	0.12640000	0.00000000
648	0.31301920	0.11877920	0.00000320	0.29711000	0.11989200	0.00000000
649	0.29800110	0.11276910	0.00000133	0.28250000	0.11364000	0.00000000
650	0.28350000	0.10700000	0.00000000	0.26832900	0.10763300	0.00000000
651	0.26954480	0.10147620	0.00000000	0.25459000	0.10187000	0.00000000
652	0.25611840	0.09618864	0.00000000	0.24130000	0.09634700	0.00000000
653	0.24318960	0.09112296	0.00000000	0.22848000	0.09106300	0.00000000
654	0.23072720	0.08626485	0.00000000	0.21614000	0.08601000	0.00000000
655	0.21870000	0.08160000	0.00000000	0.20430000	0.08118700	0.00000000
656	0.20709710	0.07712064	0.00000000	0.19295000	0.07658300	0.00000000
657	0.19592320	0.07282552	0.00000000	0.18211000	0.07219800	0.00000000
658	0.18517080	0.06871008	0.00000000	0.17177000	0.06802400	0.00000000
659	0.17483230	0.06476976	0.00000000	0.16192000	0.06405200	0.00000000
660	0.16490000	0.06100000	0.00000000	0.15256800	0.06028100	0.00000000
661	0.15536670	0.05739621	0.00000000	0.14367000	0.05669700	0.00000000
662	0.14623000	0.05395504	0.00000000	0.13520000	0.05329200	0.00000000
663	0.13749000	0.05067376	0.00000000	0.12713000	0.05005900	0.00000000
664	0.12914670	0.04754965	0.00000000	0.11948000	0.04699800	0.00000000
665	0.12120000	0.04458000	0.00000000	0.11221000	0.04409600	0.00000000
666	0.11363970	0.04175872	0.00000000	0.10531000	0.04134500	0.00000000
667	0.10646500	0.03908496	0.00000000	0.09878600	0.03875070	0.00000000
668	0.09969044	0.03656384	0.00000000	0.09261000	0.03629780	0.00000000
669	0.09333061	0.03420048	0.00000000	0.08677300	0.03398320	0.00000000
670	0.08740000	0.03200000	0.00000000	0.08126060	0.03180040	0.00000000
671	0.08190096	0.02996261	0.00000000	0.07604800	0.02973950	0.00000000
672	0.07680428	0.02807664	0.00000000	0.07111400	0.02779180	0.00000000
673	0.07207712	0.02632936	0.00000000	0.06645400	0.02595510	0.00000000
674	0.06768664	0.02470805	0.00000000	0.06206200	0.02422630	0.00000000
675	0.06360000	0.02320000	0.00000000	0.05793000	0.02260170	0.00000000
676	0.05980685	0.02180077	0.00000000	0.05405000	0.02107790	0.00000000
677	0.05628216	0.02050112	0.00000000	0.05041200	0.01965050	0.00000000
678	0.05297104	0.01928108	0.00000000	0.04700600	0.01831530	0.00000000
679	0.04981861	0.01812069	0.00000000	0.04382300	0.01706860	0.00000000
680	0.04677000	0.01700000	0.00000000	0.04085080	0.01590510	0.00000000
681	0.04378405	0.01590379	0.00000000	0.03807200	0.01481830	0.00000000
682	0.04087536	0.01483718	0.00000000	0.03546800	0.01380080	0.00000000
683	0.03807264	0.01381068	0.00000000	0.03303100	0.01284950	0.00000000
684	0.03540461	0.01283478	0.00000000	0.03075300	0.01196070	0.00000000
685	0.03290000	0.01192000	0.00000000	0.02862300	0.01113030	0.00000000
686	0.03056419	0.01106831	0.00000000	0.02663500	0.01035550	0.00000000
687	0.02838056	0.01027339	0.00000000	0.02478100	0.00963320	0.00000000
688	0.02634484	0.00953331	0.00000000	0.02305200	0.00895990	0.00000000
689	0.02445275	0.00884616	0.00000000	0.02144100	0.00833240	0.00000000
690	0.02270000	0.00821000	0.00000000	0.01994130	0.00774880	0.00000000
691	0.02108429	0.00762378	0.00000000	0.01854400	0.00720460	0.00000000
692	0.01959988	0.00708542	0.00000000	0.01724100	0.00669750	0.00000000
693	0.01823732	0.00659148	0.00000000	0.01602700	0.00622510	0.00000000
694	0.01698717	0.00613849	0.00000000	0.01489600	0.00578500	0.00000000
695	0.01584000	0.00572300	0.00000000	0.01384200	0.00537510	0.00000000
696	0.01479064	0.00534306	0.00000000	0.01286200	0.00499410	0.00000000
697	0.01383132	0.00499580	0.00000000	0.01194900	0.00463920	0.00000000
698	0.01294868	0.00467640	0.00000000	0.01110000	0.00430930	0.00000000
699	0.01212920	0.00438008	0.00000000	0.01031100	0.00400280	0.00000000
700	0.01135916	0.00410200	0.00000000	0.00957688	0.00371774	0.00000000
701	0.01062935	0.00383845	0.00000000	0.00889400	0.00345262	0.00000000
702	0.00993885	0.00358910	0.00000000	0.00825810	0.00320583	0.00000000
703	0.00928842	0.00335422	0.00000000	0.00766640	0.00297623	0.00000000
704	0.00867885	0.00313409	0.00000000	0.00711630	0.00276281	0.00000000
705	0.00811092	0.00292900	0.00000000	0.00660520	0.00256456	0.00000000
706	0.00758239	0.00273814	0.00000000	0.00613060	0.00238048	0.00000000
707	0.00708875	0.00255988	0.00000000	0.00569030	0.00220971	0.00000000
708	0.00662731	0.00239324	0.00000000	0.00528190	0.00205132	0.00000000
709	0.00619541	0.00223728	0.00000000	0.00490330	0.00190449	0.00000000
710	0.00579035	0.00209100	0.00000000	0.00455263	0.00176847	0.00000000
711	0.00540983	0.00195359	0.00000000	0.00422750	0.00164236	0.00000000
712	0.00505258	0.00182458	0.00000000	0.00392580	0.00152535	0.00000000
713	0.00471751	0.00170358	0.00000000	0.00364570	0.00141672	0.00000000
714	0.00440351	0.00159019	0.00000000	0.00338590	0.00131595	0.00000000
715	0.00410946	0.00148400	0.00000000	0.00314470	0.00122239	0.00000000
716	0.00383391	0.00138450	0.00000000	0.00292080	0.00113555	0.00000000
717	0.00357575	0.00129127	0.00000000	0.00271300	0.00105494	0.00000000
718	0.00333434	0.00120409	0.00000000	0.00252020	0.00098014	0.00000000
719	0.00310908	0.00112274	0.00000000	0.00234110	0.00091066	0.00000000
720	0.00289933	0.00104700	0.00000000	0.00217496	0.00084619	0.00000000
721	0.00270435	0.00097659	0.00000000	0.00202060	0.00078629	0.00000000
722	0.00252302	0.00091111	0.00000000	0.00187730	0.00073068	0.00000000
723	0.00235417	0.00085013	0.00000000	0.00174410	0.00067899	0.00000000
724	0.00219662	0.00079324	0.00000000	0.00162050	0.00063101	0.00000000
725	0.00204919	0.00074000	0.00000000	0.00150570	0.00058644	0.00000000
726	0.00191096	0.00069008	0.00000000	0.00139920	0.00054511	0.00000000
727	0.00178144	0.00064331	0.00000000	0.00130040	0.00050672	0.00000000
728	0.00166011	0.00059950	0.00000000	0.00120870	0.00047111	0.00000000
729	0.00154646	0.00055845	0.00000000	0.00112360	0.00043805	0.00000000
730	0.00143997	0.00052000	0.00000000	0.00104476	0.00040741	0.00000000
731	0.00134004	0.00048391	0.00000000	0.00097156	0.00037896	0.00000000
732	0.00124628	0.00045005	0.00000000	0.00090360	0.00035254	0.00000000
733	0.00115847	0.00041835	0.00000000	0.00084048	0.00032800	0.00000000
734	0.00107643	0.00038872	0.00000000	0.00078187	0.00030521	0.00000000
735	0.00099995	0.00036110	0.00000000	0.00072745	0.00028404	0.00000000
736	0.00092874	0.00033538	0.00000000	0.00067690	0.00026438	0.00000000
737	0.00086243	0.00031144	0.00000000	0.00062996	0.00024611	0.00000000
738	0.00080075	0.00028917	0.00000000	0.00058637	0.00022914	0.00000000
739	0.00074340	0.00026845	0.00000000	0.00054587	0.00021338	0.00000000
740	0.00069008	0.00024920	0.00000000	0.00050826	0.00019873	0.00000000
741	0.00064052	0.00023130	0.00000000	0.00047330	0.00018512	0.00000000
742	0.00059450	0.00021469	0.00000000	0.00044080	0.00017245	0.00000000
743	0.00055186	0.00019929	0.00000000	0.00041058	0.00016068	0.00000000
744	0.00051243	0.00018505	0.00000000	0.00038249	0.00014973	0.00000000
745	0.00047602	0.00017190	0.00000000	0.00035638	0.00013955	0.00000000
746	0.00044245	0.00015978	0.00000000	0.00033211	0.00013009	0.00000000
747	0.00041151	0.00014860	0.00000000	0.00030955	0.00012129	0.00000000
748	0.00038298	0.00013830	0.00000000	0.00028858	0.00011311	0.00000000
749	0.00035665	0.00012879	0.00000000	0.00026909	0.00010550	0.00000000
750	0.00033230	0.00012000	0.00000000	0.00025097	0.00009843	0.00000000
751	0.00030976	0.00011186	0.00000000	0.00023413	0.00009185	0.00000000
752	0.00028889	0.00010432	0.00000000	0.00021847	0.00008574	0.00000000
753	0.00026954	0.00009734	0.00000000	0.00020391	0.00008005	0.00000000
754	0.00025157	0.00009085	0.00000000	0.00019035	0.00007475	0.00000000
755	0.00023483	0.00008480	0.00000000	0.00017773	0.00006982	0.00000000
756	0.00021917	0.00007915	0.00000000	0.00016597	0.00006522	0.00000000
757	0.00020453	0.00007386	0.00000000	0.00015502	0.00006094	0.00000000
758	0.00019084	0.00006892	0.00000000	0.00014480	0.00005694	0.00000000
759	0.00017807	0.00006430	0.00000000	0.00013528	0.00005322	0.00000000
760	0.00016615	0.00006000	0.00000000	0.00012639	0.00004974	0.00000000
761	0.00015502	0.00005598	0.00000000	0.00011810	0.00004649	0.00000000
762	0.00014462	0.00005223	0.00000000	0.00011037	0.00004346	0.00000000
763	0.00013491	0.00004872	0.00000000	0.00010315	0.00004064	0.00000000
764	0.00012585	0.00004545	0.00000000	0.00009643	0.00003800	0.00000000
765	0.00011741	0.00004240	0.00000000	0.00009015	0.00003554	0.00000000
766	0.00010955	0.00003956	0.00000000	0.00008429	0.00003324	0.00000000
767	0.00010222	0.00003692	0.00000000	0.00007883	0.00003110	0.00000000
768	0.00009539	0.00003445	0.00000000	0.00007373	0.00002910	0.00000000
769	0.00008902	0.00003215	0.00000000	0.00006897	0.00002723	0.00000000
770	0.00008308	0.00003000	0.00000000	0.00006453	0.00002549	0.00000000
771	0.00007751	0.00002799	0.00000000	0.00006038	0.00002386	0.00000000
772	0.00007231	0.00002611	0.00000000	0.00005650	0.00002233	0.00000000
773	0.00006746	0.00002436	0.00000000	0.00005288	0.00002091	0.00000000
774	0.00006293	0.00002272	0.00000000	0.00004950	0.00001958	0.00000000
775	0.00005871	0.00002120	0.00000000	0.00004634	0.00001834	0.00000000
776	0.00005477	0.00001978	0.00000000	0.00004339	0.00001718	0.00000000
777	0.00005110	0.00001845	0.00000000	0.00004063	0.00001609	0.00000000
778	0.00004768	0.00001722	0.00000000	0.00003806	0.00001508	0.00000000
779	0.00004449	0.00001606	0.00000000	0.00003566	0.00001413	0.00000000
780	0.00004151	0.00001499	0.00000000	0.00003341	0.00001325	0.00000000
781	0.00003873	0.00001399	0.00000000	0.00003132	0.00001242	0.00000000
782	0.00003614	0.00001305	0.00000000	0.00002936	0.00001165	0.00000000
783	0.00003372	0.00001218	0.00000000	0.00002752	0.00001093	0.00000000
784	0.00003146	0.00001136	0.00000000	0.00002581	0.00001025	0.00000000
785	0.00002935	0.00001060	0.00000000	0.00002421	0.00000962	0.00000000
786	0.00002738	0.00000989	0.00000000	0.00002271	0.00000903	0.00000000
787	0.00002552	0.00000922	0.00000000	0.00002131	0.00000847	0.00000000
788	0.00002379	0.00000859	0.00000000	0.00001999	0.00000795	0.00000000
789	0.00002218	0.00000801	0.00000000	0.00001876	0.00000747	0.00000000
790	0.00002067	0.00000747	0.00000000	0.00001761	0.00000701	0.00000000
791	0.00001927	0.00000696	0.00000000	0.00001653	0.00000659	0.00000000
792	0.00001797	0.00000649	0.00000000	0.00001552	0.00000619	0.00000000
793	0.00001675	0.00000605	0.00000000	0.00001457	0.00000581	0.00000000
794	0.00001562	0.00000564	0.00000000	0.00001369	0.00000546	0.00000000
795	0.00001456	0.00000526	0.00000000	0.00001286	0.00000513	0.00000000
796	0.00001357	0.00000490	0.00000000	0.00001208	0.00000482	0.00000000
797	0.00001265	0.00000457	0.00000000	0.00001135	0.00000453	0.00000000
798	0.00001180	0.00000426	0.00000000	0.00001066	0.00000426	0.00000000
799	0.00001100	0.00000397	0.00000000	0.00001002	0.00000400	0.00000000
800	0.00001025	0.00000370	0.00000000	0.00000941	0.00000376	0.00000000
801	0.00000956	0.00000345	0.00000000	0.00000885	0.00000354	0.00000000
802	0.00000891	0.00000322	0.00000000	0.00000832	0.00000333	0.00000000
803	0.00000831	0.00000300	0.00000000	0.00000782	0.00000313	0.00000000
804	0.00000775	0.00000280	0.00000000	0.00000735	0.00000295	0.00000000
805	0.00000722	0.00000261	0.00000000	0.00000691	0.00000277	0.00000000
806	0.00000673	0.00000243	0.00000000	0.00000650	0.00000261	0.00000000
807	0.00000628	0.00000227	0.00000000	0.00000612	0.00000245	0.00000000
808	0.00000585	0.00000211	0.00000000	0.00000575	0.00000231	0.00000000
809	0.00000546	0.00000197	0.00000000	0.00000541	0.00000217	0.00000000
810	0.00000509	0.00000184	0.00000000	0.00000509	0.00000205	0.00000000
811	0.00000474	0.00000171	0.00000000	0.00000479	0.00000193	0.00000000
812	0.00000442	0.00000160	0.00000000	0.00000451	0.00000181	0.00000000
813	0.00000412	0.00000149	0.00000000	0.00000425	0.00000171	0.00000000
814	0.00000384	0.00000139	0.00000000	0.00000400	0.00000161	0.00000000
815	0.00000358	0.00000129	0.00000000	0.00000377	0.00000152	0.00000000
816	0.00000334	0.00000121	0.00000000	0.00000355	0.00000143	0.00000000
817	0.00000311	0.00000112	0.00000000	0.00000334	0.00000135	0.00000000
818	0.00000290	0.00000105	0.00000000	0.00000315	0.00000127	0.00000000
819	0.00000271	0.00000098	0.00000000	0.00000297	0.00000120	0.00000000
820	0.00000252	0.00000091	0.00000000	0.00000280	0.00000113	0.00000000
821	0.00000235	0.00000085	0.00000000	0.00000263	0.00000106	0.00000000
822	0.00000219	0.00000079	0.00000000	0.00000248	0.00000100	0.00000000
823	0.00000204	0.00000074	0.00000000	0.00000234	0.00000095	0.00000000
824	0.00000191	0.00000069	0.00000000	0.00000221	0.00000089	0.00000000
825	0.00000178	0.00000064	0.00000000	0.00000208	0.00000084	0.00000000
826	0.00000166	0.00000060	0.00000000	0.00000196	0.00000079	0.00000000
827	0.00000154	0.00000056	0.00000000	0.00000185	0.00000075	0.00000000
828	0.00000144	0.00000052	0.00000000	0.00000175	0.00000071	0.00000000
829	0.00000134	0.00000048	0.00000000	0.00000165	0.00000067	0.00000000
830	0.00000125	0.00000045	0.00000000	0.00000155	0.00000063	0.00000000
